Aichig_Sportplatz_01_SW-NE
  2.000
1
2326
1
1
Phase Angle
mrad
0.0  4.16
236.000   2.000    65.398     2.700
233.000   4.000   124.056     2.560
230.000   6.000   160.917     1.970
227.000   8.000   194.659     2.530
224.000  10.000   249.664     2.910
221.000  12.000   288.728     3.640
218.000  14.000   310.173     3.330
215.000  16.000   339.959     3.580
212.000  18.000   373.117     2.530
209.000  20.000   379.035     3.500
206.000  22.000   397.053     4.180
203.000  24.000   420.955     3.720
200.000  26.000   465.471     3.610
197.000  28.000   496.960     4.240
194.000  30.000   546.492     3.480
191.000  32.000   557.761     3.500
188.000  34.000   554.586     3.670
185.000  36.000   548.209     3.960
182.000  38.000   524.977     3.790
179.000  40.000   525.241     3.240
176.000  42.000   528.952     4.820
173.000  44.000   534.787     1.770
170.000  46.000   560.129     3.200
167.000  48.000   581.556     3.720
164.000  50.000   595.565     3.430
161.000  52.000   615.187     1.250
158.000  54.000   632.188     4.330
155.000  56.000   648.814     2.450
152.000  58.000   666.905     5.020
149.000  60.000   642.178     5.130
146.000  62.000   637.758     2.360
143.000  64.000   652.123     4.580
140.000  66.000   646.384     3.050
137.000  68.000   623.828     2.740
134.000  70.000   608.920     4.240
131.000  72.000   602.116     3.720
128.000  74.000   582.010     3.860
125.000  76.000   586.556     5.760
122.000  78.000   593.701     2.680
234.000   2.000    64.174     2.420
231.000   4.000   125.401     3.280
228.000   6.000   152.891     4.390
225.000   8.000   204.721     3.040
222.000  10.000   262.990     3.210
219.000  12.000   287.170     2.810
216.000  14.000   312.380     3.250
213.000  16.000   352.645     3.240
210.000  18.000   375.400     3.360
207.000  20.000   388.968     3.250
204.000  22.000   402.720     3.770
201.000  24.000   450.108     4.050
198.000  26.000   477.174     3.520
195.000  28.000   519.613     4.590
192.000  30.000   553.542     3.260
189.000  32.000   549.990     4.250
186.000  34.000   551.010     4.560
183.000  36.000   538.953     3.190
180.000  38.000   520.849     4.550
177.000  40.000   525.863     1.990
174.000  42.000   529.994     3.790
171.000  44.000   543.775     2.120
168.000  46.000   565.426     2.410
165.000  48.000   579.967     3.170
162.000  50.000   603.347     2.830
159.000  52.000   623.452     3.120
156.000  54.000   630.497     4.840
153.000  56.000   664.240     2.910
150.000  58.000   650.700     5.510
147.000  60.000   637.952     2.630
144.000  62.000   639.361     4.000
141.000  64.000   657.585     3.110
138.000  66.000   634.385     4.440
135.000  68.000   621.191     3.610
132.000  70.000   604.722     2.890
129.000  72.000   597.405     4.540
126.000  74.000   584.869     3.300
123.000  76.000   592.839     4.990
120.000  78.000    62.924    51.110
232.000   2.000    71.138     3.170
229.000   4.000   111.185     1.180
226.000   6.000   154.241     1.290
223.000   8.000   214.727     3.040
220.000  10.000   257.702     3.180
217.000  12.000   286.940     3.540
214.000  14.000   316.110     3.170
211.000  16.000   358.742     3.520
208.000  18.000   380.575     3.720
205.000  20.000   395.546     4.190
202.000  22.000   423.408     3.230
199.000  24.000   468.730     3.170
196.000  26.000   500.951     3.670
193.000  28.000   544.414     4.100
190.000  30.000   544.320     3.100
187.000  32.000   550.967     4.870
184.000  34.000   545.432     3.410
181.000  36.000   527.017     3.280
178.000  38.000   515.506     5.980
175.000  40.000   529.258     3.040
172.000  42.000   534.654     4.340
169.000  44.000   550.687     4.530
166.000  46.000   562.491     3.450
163.000  48.000   586.832     1.970
160.000  50.000   613.604     2.300
157.000  52.000   622.980     3.480
154.000  54.000   637.129     1.970
151.000  56.000   658.386     4.510
148.000  58.000   642.412     1.550
145.000  60.000   636.355     4.710
142.000  62.000   644.583     6.130
139.000  64.000   647.257     5.960
136.000  66.000   627.475     5.930
133.000  68.000   613.237     2.390
130.000  70.000   605.636     5.220
127.000  72.000   590.001     5.920
124.000  74.000   586.357     6.640
121.000  76.000   498.295     1.450
118.000  78.000   593.061     4.570
230.000   2.000    64.087     2.060
227.000   4.000   108.843     0.940
224.000   6.000   165.949     1.660
221.000   8.000   220.982     3.150
218.000  10.000   254.009     4.240
215.000  12.000   277.655     1.120
212.000  14.000   341.806     3.630
209.000  16.000   370.028     3.770
206.000  18.000   385.067     3.190
203.000  20.000   402.759     3.790
200.000  22.000   449.642     4.100
197.000  24.000   481.396     3.610
194.000  26.000   518.225     4.400
191.000  28.000   538.597     2.820
188.000  30.000   544.290     3.800
185.000  32.000   546.230     4.320
182.000  34.000   536.088     4.470
179.000  36.000   514.259     2.860
176.000  38.000   525.135     4.710
173.000  40.000   530.913     2.600
170.000  42.000   533.588     3.240
167.000  44.000   545.737     4.110
164.000  46.000   570.026     2.360
161.000  48.000   597.898     2.900
158.000  50.000   612.412     5.230
155.000  52.000   624.017     2.540
152.000  54.000   647.641     1.530
149.000  56.000   651.912     1.720
146.000  58.000   640.358     2.680
143.000  60.000   638.025     4.720
140.000  62.000   649.854     3.740
137.000  64.000   640.260     3.850
134.000  66.000   623.363     3.540
131.000  68.000   608.292     3.980
128.000  70.000   606.257     2.780
125.000  72.000   587.764     6.360
122.000  74.000   519.317     1.740
119.000  76.000   601.667     4.680
228.000   2.000    58.252     2.700
225.000   4.000   115.607     1.910
222.000   6.000   172.071     3.160
219.000   8.000   222.792     1.740
216.000  10.000   250.747     3.600
213.000  12.000   284.360     4.660
210.000  14.000   344.902     3.980
207.000  16.000   380.572     4.200
204.000  18.000   393.444     3.310
201.000  20.000   423.807     3.960
198.000  22.000   471.646     1.530
195.000  24.000   507.480     3.420
192.000  26.000   527.332     3.600
189.000  28.000   540.373     0.300
186.000  30.000   545.893     3.650
183.000  32.000   543.414     2.820
180.000  34.000   526.926    -3.360
177.000  36.000   517.304     1.900
174.000  38.000   532.258     3.710
171.000  40.000   526.475     4.860
168.000  42.000   532.430     4.110
165.000  44.000   554.424     2.700
162.000  46.000   582.795     1.790
159.000  48.000   600.500     3.720
156.000  50.000   616.321     2.220
153.000  52.000   627.508     3.190
150.000  54.000   653.873     2.990
147.000  56.000   646.171     3.020
144.000  58.000   637.946     3.420
141.000  60.000   638.815     3.060
138.000  62.000   652.177     3.600
135.000  64.000   632.760    -4.720
132.000  66.000   622.959     4.960
129.000  68.000   608.836     2.290
126.000  70.000   602.093     4.880
123.000  72.000   529.737     4.520
120.000  74.000   601.560     5.710
226.000   2.000    62.964     1.100
223.000   4.000   117.102     2.400
220.000   6.000   171.961     2.120
217.000   8.000   208.141     3.130
214.000  10.000   244.519     3.020
211.000  12.000   316.651     3.110
208.000  14.000   357.011     3.780
205.000  16.000   389.338     3.460
202.000  18.000   398.791     2.560
199.000  20.000   451.921     4.080
196.000  22.000   484.771     3.930
193.000  24.000   503.432     4.230
190.000  26.000   528.400     3.780
187.000  28.000   535.880     3.940
184.000  30.000   539.781     3.900
181.000  32.000   531.510     3.850
178.000  34.000   525.525     3.920
175.000  36.000   526.120     4.560
172.000  38.000   523.965     2.150
169.000  40.000   513.600     4.410
166.000  42.000   537.857     5.380
163.000  44.000   562.964     1.220
160.000  46.000   583.619     4.070
157.000  48.000   604.517     1.140
154.000  50.000   615.508     4.310
151.000  52.000   643.763     1.160
148.000  54.000   650.951     3.980
145.000  56.000   641.859     2.890
142.000  58.000   637.465     3.660
139.000  60.000   642.695     1.920
136.000  62.000   644.889     4.890
133.000  64.000   629.390     2.290
130.000  66.000   617.049     5.880
127.000  68.000   611.180     4.140
124.000  70.000   542.833     2.360
121.000  72.000   594.785     5.290
118.000  74.000   607.384     4.060
115.000  76.000   604.464     4.790
224.000   2.000    60.693     2.550
221.000   4.000   114.138     2.290
218.000   6.000   160.619     1.430
215.000   8.000   202.841     2.940
212.000  10.000   241.195     3.220
209.000  12.000   329.568     3.010
206.000  14.000   371.193     3.290
203.000  16.000   378.757     3.450
200.000  18.000   415.590     4.300
197.000  20.000   462.639     3.590
194.000  22.000   484.222     3.680
191.000  24.000   509.051     3.810
188.000  26.000   522.115     3.150
185.000  28.000   529.724     3.610
182.000  30.000   529.806     5.200
179.000  32.000   525.949     3.590
176.000  34.000   514.824     3.520
173.000  36.000   516.355     3.690
170.000  38.000   501.955     3.530
167.000  40.000   516.365     3.180
164.000  42.000   542.257     4.620
161.000  44.000   559.429     5.010
158.000  46.000   586.100     2.880
155.000  48.000   602.977     1.940
152.000  50.000   625.139     3.830
149.000  52.000   645.902     1.060
146.000  54.000   643.812     2.410
143.000  56.000   635.197     2.770
140.000  58.000   635.559     5.280
137.000  60.000   644.918     3.740
134.000  62.000   636.301     3.880
131.000  64.000   626.651     3.270
128.000  66.000   608.986     3.380
125.000  68.000   568.284     5.430
122.000  70.000   591.496     4.110
119.000  72.000   599.602     5.330
116.000  74.000   610.198     5.260
222.000   2.000    62.083    -2.960
219.000   4.000   110.998     3.190
216.000   6.000   157.061     2.440
213.000   8.000   198.423     3.250
210.000  10.000   276.677     3.600
207.000  12.000   335.611     3.330
204.000  14.000   375.225     3.580
201.000  16.000   382.792     3.450
198.000  18.000   440.603     4.590
195.000  20.000   454.694     4.230
192.000  22.000   487.559     3.590
189.000  24.000   504.044     4.500
186.000  26.000   515.911     3.650
183.000  28.000   521.105     4.030
180.000  30.000   526.950     4.180
177.000  32.000   525.833     3.430
174.000  34.000   508.335     3.400
171.000  36.000   495.621     4.260
168.000  38.000   496.886     4.530
165.000  40.000   522.896     2.080
162.000  42.000   540.059     3.110
159.000  44.000   564.234     3.220
156.000  46.000   588.552     3.790
153.000  48.000   611.526     1.510
150.000  50.000   638.846     0.430
147.000  52.000   644.091     2.620
144.000  54.000   637.489     2.730
141.000  56.000   634.424     3.410
138.000  58.000   634.530     5.000
135.000  60.000   646.915     3.200
132.000  62.000   631.387     3.580
129.000  64.000   621.622     4.010
126.000  66.000   570.970     3.930
123.000  68.000   604.421     3.100
120.000  70.000   595.752     4.510
117.000  72.000   611.344     3.120
220.000   2.000    59.149     1.960
217.000   4.000   103.994     1.430
214.000   6.000   152.631    -0.570
211.000   8.000   204.695     3.100
208.000  10.000   298.289     3.460
205.000  12.000   346.073     3.250
202.000  14.000   371.576     3.490
199.000  16.000   401.865     3.380
196.000  18.000   434.665     4.010
193.000  20.000   468.386     2.900
190.000  22.000   490.890     3.560
187.000  24.000   499.393     2.760
184.000  26.000   510.088     2.640
181.000  28.000   524.292     4.180
178.000  30.000   525.091     3.580
175.000  32.000   508.232     2.340
172.000  34.000   486.476     2.520
169.000  36.000   488.132     4.540
166.000  38.000   503.265     2.860
163.000  40.000   520.564     4.490
160.000  42.000   541.375     1.170
157.000  44.000   565.988     4.370
154.000  46.000   597.162     2.440
151.000  48.000   624.604     2.680
148.000  50.000   638.775     3.160
145.000  52.000   638.287     3.020
142.000  54.000   633.933     3.680
139.000  56.000   631.349     2.150
136.000  58.000   635.592     3.250
133.000  60.000   641.613     3.990
130.000  62.000   627.197     2.770
127.000  64.000   580.511     5.610
124.000  66.000   611.730     2.220
121.000  68.000   598.772     5.870
118.000  70.000   603.196     4.800
115.000  72.000   617.069     2.930
112.000  74.000   612.933     4.220
218.000   2.000    58.410     2.500
215.000   4.000   101.002     2.690
212.000   6.000   154.845     1.600
209.000   8.000   236.113     3.310
206.000  10.000   313.634     3.300
203.000  12.000   361.519     3.560
200.000  14.000   364.901     3.250
197.000  16.000   409.415     3.310
194.000  18.000   433.347     1.330
191.000  20.000   470.551     3.140
188.000  22.000   482.995     0.130
185.000  24.000   495.879     4.570
182.000  26.000   514.472     4.380
179.000  28.000   525.024     4.210
176.000  30.000   514.891     4.030
173.000  32.000   482.543     2.180
170.000  34.000   479.610     3.700
167.000  36.000   486.206     3.650
164.000  38.000   499.597     4.140
161.000  40.000   522.648     4.610
158.000  42.000   544.506     2.490
155.000  44.000   581.359     3.240
152.000  46.000   610.416     4.070
149.000  48.000   638.762     3.220
146.000  50.000   634.292     3.560
143.000  52.000   636.074     3.140
140.000  54.000   633.719     3.310
137.000  56.000   634.553     2.100
134.000  58.000   641.333     4.490
131.000  60.000   637.292     2.250
128.000  62.000   595.772     3.780
125.000  64.000   611.354     3.300
122.000  66.000   614.133     2.420
119.000  68.000   601.707     3.130
116.000  70.000   613.236     5.550
113.000  72.000   620.902     3.120
216.000   2.000    52.213     2.980
213.000   4.000   107.387     2.840
210.000   6.000   161.261     3.280
207.000   8.000   250.811     4.050
204.000  10.000   318.450     3.810
201.000  12.000   351.540     3.250
198.000  14.000   359.708     3.310
195.000  16.000   408.991     3.490
192.000  18.000   442.668     2.950
189.000  20.000   470.089     3.550
186.000  22.000   471.277     4.660
183.000  24.000   498.925     3.010
180.000  26.000   516.467     3.740
177.000  28.000   508.716     4.170
174.000  30.000   483.300     1.840
171.000  32.000   468.653     3.710
168.000  34.000   473.070     2.520
165.000  36.000   478.476     2.710
162.000  38.000   500.040     3.890
159.000  40.000   518.719     4.510
156.000  42.000   557.527     3.880
153.000  44.000   594.311     5.040
150.000  46.000   621.563     2.170
147.000  48.000   632.734     0.000
144.000  50.000   631.489     2.730
141.000  52.000   631.058     2.010
138.000  54.000   632.391     2.680
135.000  56.000   631.774     4.900
132.000  58.000   642.240     5.620
129.000  60.000   603.788     4.160
126.000  62.000   620.516     3.540
123.000  64.000   612.660     4.380
120.000  66.000   614.167     3.960
117.000  68.000   607.477     4.440
114.000  70.000   621.671     4.200
214.000   2.000    54.326     2.890
211.000   4.000   107.881     3.270
208.000   6.000   191.716     2.430
205.000   8.000   273.335     3.330
202.000  10.000   327.170     3.150
199.000  12.000   325.504     3.040
196.000  14.000   377.381     3.420
193.000  16.000   404.650     3.510
190.000  18.000   443.839     4.360
187.000  20.000   454.857     3.860
184.000  22.000   476.617     3.860
181.000  24.000   501.651     3.660
178.000  26.000   502.557     3.550
175.000  28.000   482.906     3.280
172.000  30.000   470.354     3.610
169.000  32.000   460.095     3.720
166.000  34.000   458.417     2.390
163.000  36.000   475.847     2.540
160.000  38.000   496.827     3.160
157.000  40.000   528.902     2.270
154.000  42.000   571.718     2.940
151.000  44.000   603.858     2.190
148.000  46.000   633.469     3.190
145.000  48.000   623.409     2.320
142.000  50.000   630.001     2.860
139.000  52.000   632.271     2.750
136.000  54.000   631.525     3.410
133.000  56.000   630.899     3.740
130.000  58.000   614.789     3.700
127.000  60.000   626.217     3.720
124.000  62.000   615.521     2.620
121.000  64.000   618.640     3.830
118.000  66.000   610.585     4.190
115.000  68.000   613.916     4.550
112.000  70.000   620.041     5.500
109.000  72.000   610.742     2.440
212.000   2.000    55.636     2.330
209.000   4.000   110.329     3.010
206.000   6.000   199.734     3.160
203.000   8.000   286.185     3.470
200.000  10.000   301.080     4.120
197.000  12.000   320.966     3.300
194.000  14.000   374.665     4.080
191.000  16.000   408.567     4.260
188.000  18.000   440.546     3.700
185.000  20.000   449.598     3.900
182.000  22.000   482.141     4.000
179.000  24.000   488.344     3.990
176.000  26.000   470.464     4.390
173.000  28.000   461.762     3.320
170.000  30.000   450.122     3.980
167.000  32.000   439.763     3.620
164.000  34.000   452.439     3.580
161.000  36.000   469.889     1.820
158.000  38.000   504.656     4.220
155.000  40.000   543.568     3.480
152.000  42.000   581.071     2.610
149.000  44.000   611.783     1.580
146.000  46.000   626.319     3.990
143.000  48.000   618.356     1.230
140.000  50.000   626.774     4.380
137.000  52.000   630.411     3.870
134.000  54.000   625.330     4.370
131.000  56.000   612.908     2.670
128.000  58.000   631.336     4.420
125.000  60.000   621.265     4.050
122.000  62.000   615.161     3.850
119.000  64.000   622.543     2.810
116.000  66.000   608.386     4.720
113.000  68.000   613.556     4.300
110.000  70.000   618.469     3.950
210.000   2.000    57.689     2.830
207.000   4.000   138.677     3.090
204.000   6.000   216.131     2.940
201.000   8.000   264.467     2.970
198.000  10.000   284.220     3.250
195.000  12.000   334.621     3.880
192.000  14.000   366.760     3.570
189.000  16.000   406.025     3.680
186.000  18.000   435.611     5.160
183.000  20.000   452.475     3.790
180.000  22.000   469.131     4.180
177.000  24.000   458.003     4.640
174.000  26.000   456.940     4.380
171.000  28.000   452.524     4.230
168.000  30.000   424.856     3.450
165.000  32.000   428.703     2.780
162.000  34.000   445.245     3.270
159.000  36.000   478.877     2.910
156.000  38.000   515.393     3.660
153.000  40.000   556.634     2.970
150.000  42.000   590.877     2.960
147.000  44.000   624.673     3.340
144.000  46.000   613.950     3.620
141.000  48.000   619.460     2.810
138.000  50.000   628.232     4.850
135.000  52.000   624.769     5.000
132.000  54.000   601.425     3.740
129.000  56.000   633.744     2.900
126.000  58.000   626.438     4.360
123.000  60.000   621.787     2.960
120.000  62.000   618.027     3.700
117.000  64.000   618.465     3.690
114.000  66.000   610.260     4.180
111.000  68.000   615.399     2.560
108.000  70.000   141.542   -29.060
208.000   2.000    59.373     3.190
205.000   4.000   149.134     3.340
202.000   6.000   212.437     3.510
199.000   8.000   249.806     3.280
196.000  10.000   286.091     3.830
193.000  12.000   335.041     4.270
190.000  14.000   373.462     3.860
187.000  16.000   421.403     4.450
184.000  18.000   432.038     4.040
181.000  20.000   446.873     4.240
178.000  22.000   442.999     4.410
175.000  24.000   442.942     3.700
172.000  26.000   442.437     3.670
169.000  28.000   424.821     3.790
166.000  30.000   410.573     4.650
163.000  32.000   422.860     2.090
160.000  34.000   452.642     2.280
157.000  36.000   490.647     3.400
154.000  38.000   526.860     1.640
151.000  40.000   567.633     2.830
148.000  42.000   602.906     1.720
145.000  44.000   619.736     1.680
142.000  46.000   607.015     1.870
139.000  48.000   621.439     3.620
136.000  50.000   624.912     3.500
133.000  52.000   601.354     3.680
130.000  54.000   619.107     4.490
127.000  56.000   631.754     3.610
124.000  58.000   623.260     3.760
121.000  60.000   619.313     3.660
118.000  62.000   622.812     4.090
115.000  64.000   610.678     4.120
112.000  66.000   608.548     3.890
109.000  68.000   615.702     3.770
106.000  70.000   600.500     5.570
206.000   2.000    82.541     3.570
203.000   4.000   135.800     3.340
200.000   6.000   216.089     2.700
197.000   8.000   239.512     3.280
194.000  10.000   291.729     3.220
191.000  12.000   328.771     3.010
188.000  14.000   382.429     3.700
185.000  16.000   418.488     3.950
182.000  18.000   418.209     4.890
179.000  20.000   422.967     3.860
176.000  22.000   428.660     3.310
173.000  24.000   435.669     5.520
170.000  26.000   421.702     3.830
167.000  28.000   398.733     4.290
164.000  30.000   396.917     4.840
161.000  32.000   428.908     3.690
158.000  34.000   463.214     3.570
155.000  36.000   500.458     2.330
152.000  38.000   540.442     4.670
149.000  40.000   579.711     2.760
146.000  42.000   617.725     2.920
143.000  44.000   610.575     4.180
140.000  46.000   608.776     0.920
137.000  48.000   622.094     3.710
134.000  50.000   606.036     3.130
131.000  52.000   614.056     4.570
128.000  54.000   626.501     4.400
125.000  56.000   631.620     3.880
122.000  58.000   626.271     4.380
119.000  60.000   618.932     3.120
116.000  62.000   622.618     3.350
113.000  64.000   606.460     3.280
110.000  66.000   607.671     5.340
107.000  68.000   610.862     3.470
204.000   2.000    67.976     2.740
201.000   4.000   143.486     2.930
198.000   6.000   196.398     1.960
195.000   8.000   243.242     3.200
192.000  10.000   290.818     3.250
189.000  12.000   349.196     3.220
186.000  14.000   400.305     3.750
183.000  16.000   402.832     4.410
180.000  18.000   396.602     3.180
177.000  20.000   412.516     4.530
174.000  22.000   419.168     4.190
171.000  24.000   410.053     3.300
168.000  26.000   402.603     3.640
165.000  28.000   378.391     3.790
162.000  30.000   405.520     1.470
159.000  32.000   438.483     2.810
156.000  34.000   474.958     2.900
153.000  36.000   511.863     3.910
150.000  38.000   553.602     3.110
147.000  40.000   594.094     2.290
144.000  42.000   614.581     3.790
141.000  44.000   602.112     4.190
138.000  46.000   610.785     4.000
135.000  48.000   606.452     3.340
132.000  50.000   614.715     2.820
129.000  52.000   612.223     3.090
126.000  54.000   634.917     3.290
123.000  56.000   628.218     3.420
120.000  58.000   627.329     3.250
117.000  60.000   618.508     5.750
114.000  62.000   616.041     5.820
111.000  64.000   605.383     4.140
108.000  66.000   613.217     3.140
105.000  68.000   343.286    -1.230
202.000   2.000    77.676     2.820
199.000   4.000   156.718     3.170
196.000   6.000   193.185     3.840
193.000   8.000   265.201     3.610
190.000  10.000   311.876     4.140
187.000  12.000   375.848     3.430
184.000  14.000   401.499     3.810
181.000  16.000   385.270     4.050
178.000  18.000   400.568     3.890
175.000  20.000   415.507     4.320
172.000  22.000   410.478     3.650
169.000  24.000   406.150     5.280
166.000  26.000   384.383     3.650
163.000  28.000   387.225     3.550
160.000  30.000   424.648     2.040
157.000  32.000   455.650     2.800
154.000  34.000   492.149     3.280
151.000  36.000   532.092     1.240
148.000  38.000   573.898     2.330
145.000  40.000   620.002     3.410
142.000  42.000   614.808     3.310
139.000  44.000   604.390     2.000
136.000  46.000   608.557     4.600
133.000  48.000   624.794     3.260
130.000  50.000   616.360     3.360
127.000  52.000   626.615     4.190
124.000  54.000   641.493     2.910
121.000  56.000   635.206     4.200
118.000  58.000   626.181     4.890
115.000  60.000   626.556     3.490
112.000  62.000   614.604     3.330
109.000  64.000   610.467     3.290
106.000  66.000   614.937     3.820
103.000  68.000   596.469     3.750
200.000   2.000    74.482     3.160
197.000   4.000   146.614     3.640
194.000   6.000   201.582     3.710
191.000   8.000   269.160     3.440
188.000  10.000   339.348     3.910
185.000  12.000   379.311     4.230
182.000  14.000   369.778     4.450
179.000  16.000   375.862     4.360
176.000  18.000   400.048     3.230
173.000  20.000   393.041     4.200
170.000  22.000   392.728     4.570
167.000  24.000   383.858     3.390
164.000  26.000   373.674     4.210
161.000  28.000   401.237     3.700
158.000  30.000   434.072     3.600
155.000  32.000   466.645     2.520
152.000  34.000   507.718     3.910
149.000  36.000   549.793     2.850
146.000  38.000   594.808     2.900
143.000  40.000   621.649     3.420
140.000  42.000   606.339     2.250
137.000  44.000   597.983    -1.290
134.000  46.000   624.084     3.390
131.000  48.000   622.521     4.110
128.000  50.000   620.855     3.430
125.000  52.000   639.242     3.370
122.000  54.000   641.937     4.510
119.000  56.000   634.532     4.250
116.000  58.000   624.356     3.180
113.000  60.000   629.317     3.560
110.000  62.000   611.534     5.350
107.000  64.000   614.079     4.860
104.000  66.000   608.278     3.730
198.000   2.000    79.419     3.100
195.000   4.000   130.625     3.510
192.000   6.000   229.780     2.100
189.000   8.000   281.097     3.120
186.000  10.000   338.959     3.390
183.000  12.000   349.512     3.200
180.000  14.000   356.736     3.710
177.000  16.000   373.226     3.750
174.000  18.000   377.220     4.130
171.000  20.000   381.513     3.550
168.000  22.000   376.883     3.420
165.000  24.000   376.781     3.820
162.000  26.000   376.546     3.500
159.000  28.000   412.591     3.960
156.000  30.000   443.273     4.210
153.000  32.000   481.157     2.420
150.000  34.000   523.755     3.430
147.000  36.000   568.522     2.750
144.000  38.000   619.256     2.300
141.000  40.000   613.541    -2.570
138.000  42.000   589.646     3.880
135.000  44.000   617.564     2.890
132.000  46.000   626.984     2.940
129.000  48.000   623.043     3.300
126.000  50.000   627.291     2.420
123.000  52.000   649.096     3.990
120.000  54.000   638.709     3.550
117.000  56.000   633.958     3.410
114.000  58.000   627.479     4.800
111.000  60.000   625.266     3.970
108.000  62.000   612.852     4.260
105.000  64.000   614.218     5.120
102.000  66.000   270.937    25.270
196.000   2.000    70.962     2.930
193.000   4.000   150.642     2.990
190.000   6.000   242.334     2.650
187.000   8.000   294.594     4.110
184.000  10.000   323.496     4.010
181.000  12.000   335.262     2.950
178.000  14.000   350.479     4.180
175.000  16.000   355.018     3.530
172.000  18.000   359.796     3.340
169.000  20.000   358.133     4.260
166.000  22.000   370.581     3.810
163.000  24.000   370.424     3.620
160.000  26.000   385.884     4.070
157.000  28.000   420.760     3.420
154.000  30.000   453.320     2.950
151.000  32.000   496.572     2.020
148.000  34.000   539.568     2.930
145.000  36.000   590.124     2.810
142.000  38.000   616.318     2.800
139.000  40.000   593.872     1.820
136.000  42.000   601.383     3.100
133.000  44.000   624.753     3.740
130.000  46.000   627.695     3.190
127.000  48.000   625.413     3.090
124.000  50.000   635.522     4.960
121.000  52.000   643.953     3.630
118.000  54.000   637.395     2.930
115.000  56.000   628.944     4.560
112.000  58.000   630.618     3.400
109.000  60.000   615.739     4.490
106.000  62.000   613.691     3.720
103.000  64.000   607.592     3.500
100.000  66.000   594.143     4.950
194.000   2.000    80.594     3.120
191.000   4.000   187.466     3.370
188.000   6.000   228.820     1.940
185.000   8.000   274.380     3.570
182.000  10.000   305.116     3.770
179.000  12.000   326.055     3.140
176.000  14.000   324.645     3.770
173.000  16.000   339.078     4.390
170.000  18.000   340.321     2.540
167.000  20.000   357.927     3.990
164.000  22.000   364.184     3.990
161.000  24.000   362.772     3.520
158.000  26.000   393.580     3.460
155.000  28.000   429.433     3.520
152.000  30.000   466.107     3.260
149.000  32.000   512.643     2.130
146.000  34.000   559.495     1.070
143.000  36.000   610.408     2.170
140.000  38.000   598.909     3.810
137.000  40.000   600.727     2.360
134.000  42.000   610.500     3.680
131.000  44.000   630.076     4.090
128.000  46.000   628.227     3.880
125.000  48.000   628.846     4.610
122.000  50.000   641.691     3.450
119.000  52.000   640.703     3.700
116.000  54.000   635.878     3.780
113.000  56.000   627.633     4.010
110.000  58.000   631.896     3.650
107.000  60.000   611.378     4.300
104.000  62.000   608.641     3.150
101.000  64.000   599.812     5.140
192.000   2.000    95.592     3.670
189.000   4.000   177.967     3.610
186.000   6.000   213.805     2.620
183.000   8.000   268.018     3.560
180.000  10.000   289.518     3.790
177.000  12.000   296.596     3.040
174.000  14.000   304.158     4.310
171.000  16.000   308.649     4.050
168.000  18.000   329.799     5.190
165.000  20.000   350.361     4.090
162.000  22.000   352.805     4.020
159.000  24.000   361.620     3.780
156.000  26.000   399.262     3.860
153.000  28.000   433.666     3.510
150.000  30.000   479.949     2.750
147.000  32.000   526.969     3.220
144.000  34.000   573.860     2.310
141.000  36.000   596.271     3.950
138.000  38.000   595.029     2.370
135.000  40.000   593.577     3.440
132.000  42.000   618.169     3.180
129.000  44.000   627.225     3.430
126.000  46.000   623.829     2.840
123.000  48.000   623.009     3.940
120.000  50.000   639.384     3.300
117.000  52.000   633.202     3.730
114.000  54.000   630.269     3.570
111.000  56.000   624.530     3.250
108.000  58.000   619.191     3.650
105.000  60.000   605.791     3.820
102.000  62.000   600.367     3.200
190.000   2.000   114.560     2.140
187.000   4.000   153.135     2.570
184.000   6.000   210.429     4.130
181.000   8.000   255.354     3.830
178.000  10.000   264.252     4.100
175.000  12.000   273.749     4.260
172.000  14.000   279.138     3.930
169.000  16.000   305.205     3.570
166.000  18.000   330.020     3.720
163.000  20.000   339.129     3.480
160.000  22.000   342.387     3.420
157.000  24.000   367.694     3.830
154.000  26.000   406.032     3.290
151.000  28.000   444.864     0.070
148.000  30.000   496.164     3.610
145.000  32.000   536.281     2.630
142.000  34.000   582.106     3.240
139.000  36.000   593.977     1.380
136.000  38.000   590.268     2.590
133.000  40.000   599.414     3.600
130.000  42.000   623.794     2.940
127.000  44.000   622.878     4.390
124.000  46.000   616.661     3.800
121.000  48.000   622.156     3.190
118.000  50.000   632.985     3.770
115.000  52.000   626.747     4.080
112.000  54.000   621.386     3.290
109.000  56.000   620.911     4.680
106.000  58.000   604.052     4.110
103.000  60.000   595.772     3.740
100.000  62.000   588.197     4.880
 97.000  64.000   582.028     4.170
188.000   2.000   103.774     1.930
185.000   4.000   158.212     3.220
182.000   6.000   226.420     3.050
179.000   8.000   232.747     3.690
176.000  10.000   253.358     3.590
173.000  12.000   253.512     3.160
170.000  14.000   279.440     3.170
167.000  16.000   306.828     3.440
164.000  18.000   327.783     4.700
161.000  20.000   332.127     3.480
158.000  22.000   343.686     3.720
155.000  24.000   379.139     3.630
152.000  26.000   418.463     2.980
149.000  28.000   464.463     2.850
146.000  30.000   510.116     2.140
143.000  32.000   548.007     2.870
140.000  34.000   593.003     2.480
137.000  36.000   589.732     3.590
134.000  38.000   593.110     2.650
131.000  40.000   610.917     1.570
128.000  42.000   624.613     4.320
125.000  44.000   617.078     3.680
122.000  46.000   615.256     4.450
119.000  48.000   625.892     3.520
116.000  50.000   631.147     3.360
113.000  52.000   626.539     3.560
110.000  54.000   617.957     3.410
107.000  56.000   618.371     4.310
104.000  58.000   597.228     3.090
101.000  60.000   588.378     5.180
 98.000  62.000   583.794     4.190
186.000   2.000   100.736     3.790
183.000   4.000   168.694     3.270
180.000   6.000   205.656     2.560
177.000   8.000   224.628     3.370
174.000  10.000   233.720     3.410
171.000  12.000   254.779     3.850
168.000  14.000   288.809     3.640
165.000  16.000   313.462     3.500
162.000  18.000   324.014     3.750
159.000  20.000   334.615     4.590
156.000  22.000   353.401     4.000
153.000  24.000   395.565     2.690
150.000  26.000   437.654     3.370
147.000  28.000   483.204     3.010
144.000  30.000   519.104     2.750
141.000  32.000   583.003     2.700
138.000  34.000   592.396     2.750
135.000  36.000   594.145     2.610
132.000  38.000   602.898     3.370
129.000  40.000   624.466     3.680
126.000  42.000   621.922     2.710
123.000  44.000   616.501     3.990
120.000  46.000   617.190     2.690
117.000  48.000   633.889     4.740
114.000  50.000   629.542     3.530
111.000  52.000   627.255     3.010
108.000  54.000   618.917     4.420
105.000  56.000   610.125     4.500
102.000  58.000   593.224     4.690
 99.000  60.000   587.120     4.110
 96.000  62.000   616.593    -7.520
184.000   2.000   110.077     2.500
181.000   4.000   160.754     3.070
178.000   6.000   185.125     1.440
175.000   8.000   202.727     2.980
172.000  10.000   227.643     3.330
169.000  12.000   254.705     4.390
166.000  14.000   284.412     3.250
163.000  16.000   306.088     3.720
160.000  18.000   316.947     3.490
157.000  20.000   336.192     4.190
154.000  22.000   363.493     4.550
151.000  24.000   409.046     3.090
148.000  26.000   447.472     1.460
145.000  28.000   490.294    -1.570
142.000  30.000   542.285     3.100
139.000  32.000   585.165     2.940
136.000  34.000   590.346     2.240
133.000  36.000   596.620     2.420
130.000  38.000   607.762     3.860
127.000  40.000   619.851     3.710
124.000  42.000   614.698     4.320
121.000  44.000   611.229     3.620
118.000  46.000   615.617     3.490
115.000  48.000   631.065     3.330
112.000  50.000   624.815     3.310
109.000  52.000   618.126     3.220
106.000  54.000   614.023     4.400
103.000  56.000   597.763     3.120
100.000  58.000   583.161     4.560
 97.000  60.000   578.185     5.270
 94.000  62.000   571.138     5.470
182.000   2.000    90.686     3.140
179.000   4.000   144.239     3.280
176.000   6.000   159.348     2.310
173.000   8.000   197.357     3.520
170.000  10.000   222.142     3.630
167.000  12.000   256.659     2.320
164.000  14.000   280.769     3.130
161.000  16.000   298.193     3.340
158.000  18.000   312.749     4.030
155.000  20.000   335.529     3.580
152.000  22.000   376.752     4.350
149.000  24.000   415.621     3.610
146.000  26.000   453.634     4.070
143.000  28.000   507.964     2.860
140.000  30.000   565.900     1.010
137.000  32.000   584.109     1.880
134.000  34.000   590.984     3.030
131.000  36.000   599.422     3.910
128.000  38.000   606.888     1.500
125.000  40.000   612.000     3.260
122.000  42.000   607.031     4.390
119.000  44.000   606.448     4.860
116.000  46.000   618.550     4.360
113.000  48.000   623.056     3.480
110.000  50.000   618.614     3.550
107.000  52.000   609.113     3.200
104.000  54.000   605.440     3.290
101.000  56.000   583.764     3.850
 98.000  58.000   569.371     3.020
 95.000  60.000   568.706     4.040
180.000   2.000    95.608     3.180
177.000   4.000   118.953     3.440
174.000   6.000   163.137     4.000
171.000   8.000   200.933     4.180
168.000  10.000   221.362     4.250
165.000  12.000   253.705     3.290
162.000  14.000   280.647     3.870
159.000  16.000   295.433     3.800
156.000  18.000   323.826     3.780
153.000  20.000   347.828     3.990
150.000  22.000   387.330     2.930
147.000  24.000   421.914     4.440
144.000  26.000   476.892     1.600
141.000  28.000   529.200     2.070
138.000  30.000   576.169     2.890
135.000  32.000   586.554     1.350
132.000  34.000   594.910    -3.770
129.000  36.000   597.196     3.530
126.000  38.000   607.052     2.610
123.000  40.000   607.412     3.200
120.000  42.000   603.572     2.920
117.000  44.000   603.136     2.950
114.000  46.000   622.581     3.370
111.000  48.000   618.062     3.500
108.000  50.000   615.103     3.450
105.000  52.000   603.942     2.630
102.000  54.000   596.940     4.190
 99.000  56.000   572.002     5.660
 96.000  58.000   563.307     2.570
178.000   2.000    68.968     2.740
175.000   4.000   115.635     3.800
172.000   6.000   163.703     3.560
169.000   8.000   192.333     3.920
166.000  10.000   219.606     3.570
163.000  12.000   252.825     3.050
160.000  14.000   273.141     3.590
157.000  16.000   295.751     3.640
154.000  18.000   330.002     3.860
151.000  20.000   353.643     3.600
148.000  22.000   390.147     3.200
145.000  24.000   440.446     3.050
142.000  26.000   493.665     2.500
139.000  28.000   554.948     3.110
136.000  30.000   578.251     3.320
133.000  32.000   587.103     2.310
130.000  34.000   590.691     1.530
127.000  36.000   593.349     2.970
124.000  38.000   602.466     3.070
121.000  40.000   600.303     3.180
118.000  42.000   598.201     3.030
115.000  44.000   602.370     3.380
112.000  46.000   615.461     3.560
109.000  48.000   611.314     4.260
106.000  50.000   603.919     3.780
103.000  52.000   597.239     4.180
100.000  54.000   576.381     3.150
 97.000  56.000   554.544     3.320
 94.000  58.000   568.860     3.430
 91.000  60.000   583.236     3.970
176.000   2.000    66.018     2.900
173.000   4.000   118.508     3.480
170.000   6.000   161.330     3.390
167.000   8.000   180.068     4.090
164.000  10.000   219.303     3.930
161.000  12.000   248.374     2.740
158.000  14.000   270.861     3.780
155.000  16.000   306.497     3.510
152.000  18.000   325.019     3.580
149.000  20.000   355.854     3.680
146.000  22.000   406.240     3.210
143.000  24.000   456.323     3.690
140.000  26.000   516.320     3.220
137.000  28.000   565.723     2.640
134.000  30.000   576.736     2.990
131.000  32.000   580.637     2.700
128.000  34.000   586.109     2.440
125.000  36.000   589.367     1.320
122.000  38.000   595.912     4.130
119.000  40.000   594.127     3.590
116.000  42.000   590.403     3.680
113.000  44.000   604.198     3.640
110.000  46.000   607.650     3.240
107.000  48.000   604.728     3.440
104.000  50.000   593.198     4.920
101.000  52.000   588.502     4.670
 98.000  54.000   552.966     2.460
 95.000  56.000   557.090     5.060
 92.000  58.000   580.828     5.550
174.000   2.000    64.388     3.160
171.000   4.000   112.075     3.000
168.000   6.000   146.076     2.090
165.000   8.000   175.027     3.420
162.000  10.000   212.014     3.840
159.000  12.000   240.010     2.920
156.000  14.000   269.849     3.390
153.000  16.000   303.819     3.530
150.000  18.000   317.783     5.000
147.000  20.000   366.215     3.340
144.000  22.000   414.823     3.050
141.000  24.000   472.946     1.850
138.000  26.000   539.692     1.850
135.000  28.000   559.708     3.030
132.000  30.000   564.597     1.600
129.000  32.000   573.121    -2.930
126.000  34.000   573.956     3.280
123.000  36.000   580.960     3.960
120.000  38.000   583.736     3.620
117.000  40.000   580.521     3.250
114.000  42.000   579.224     3.160
111.000  44.000   597.533     3.980
108.000  46.000   594.815     3.120
105.000  48.000   592.748     5.130
102.000  50.000   577.305     3.700
 99.000  52.000   560.146     4.770
 96.000  54.000   545.885     4.900
 93.000  56.000   566.575     4.110
 90.000  58.000   186.023   -28.660
172.000   2.000    65.177     2.720
169.000   4.000   106.029     3.090
166.000   6.000   135.219     2.610
163.000   8.000   169.300     3.490
160.000  10.000   207.075     3.730
157.000  12.000   235.585     2.440
154.000  14.000   269.592     3.130
151.000  16.000   293.728     3.560
148.000  18.000   323.995     3.520
145.000  20.000   374.969     3.050
142.000  22.000   428.302     3.060
139.000  24.000   492.919     2.440
136.000  26.000   537.433     1.730
133.000  28.000   545.068     2.270
130.000  30.000   553.202     2.710
124.000  34.000   558.928     2.120
121.000  36.000   569.722     3.290
118.000  38.000   569.756     3.400
115.000  40.000   563.513     3.340
112.000  42.000   569.899     3.120
109.000  44.000   584.449     4.180
106.000  46.000   581.817     4.140
103.000  48.000   570.149     4.050
100.000  50.000   559.164     2.670
 97.000  52.000   543.673     3.680
 94.000  54.000   549.195     3.770
 91.000  56.000   577.825     3.990
 88.000  58.000   588.132     3.610
170.000   2.000    59.487     3.010
167.000   4.000   100.957     3.150
161.000   8.000   172.030     3.190
158.000  10.000   204.718     3.300
155.000  12.000   231.167     4.200
152.000  14.000   266.259     3.160
149.000  16.000   290.084     3.230
146.000  18.000   333.267     4.210
143.000  20.000   389.174     2.670
140.000  22.000   447.284     3.090
137.000  24.000   514.317     2.210
134.000  26.000   525.723     2.250
131.000  28.000   534.512     1.960
128.000  30.000   546.054     3.320
125.000  32.000   549.398     2.570
122.000  34.000   549.960     1.670
119.000  36.000   558.298     2.570
116.000  38.000   554.808     3.930
113.000  40.000   551.142     4.540
110.000  42.000   565.099     3.940
107.000  44.000   573.734     3.350
104.000  46.000   567.612     3.480
101.000  48.000   547.556     2.640
 98.000  50.000   553.542     4.390
 95.000  52.000   538.224     3.360
 92.000  54.000   558.346     4.020
 89.000  56.000   583.531     4.250
168.000   2.000    57.950     2.910
165.000   4.000    93.327     3.470
162.000   6.000   129.501     3.900
159.000   8.000   172.946     4.050
156.000  10.000   196.438     3.470
153.000  12.000   231.985     3.120
150.000  14.000   269.531     3.580
147.000  16.000   292.171     3.270
144.000  18.000   348.085     2.690
141.000  20.000   405.591     3.020
138.000  22.000   467.598    -1.520
135.000  24.000   507.113     2.910
132.000  26.000   512.866     2.490
129.000  28.000   526.560    -2.580
126.000  30.000   535.616     2.170
123.000  32.000   533.527     3.140
120.000  34.000   540.805     3.740
117.000  36.000   544.425     3.360
114.000  38.000   537.010     3.260
111.000  40.000   540.909     3.090
108.000  42.000   559.535     2.440
105.000  44.000   557.780     3.180
102.000  46.000   546.805     3.190
 99.000  48.000   545.856     2.760
 96.000  50.000   545.016     3.390
 93.000  52.000   543.494     2.540
 90.000  54.000   571.102     4.780
 87.000  56.000   755.743    -9.950
166.000   2.000    53.692     2.230
163.000   4.000    93.870     3.760
160.000   6.000   133.099     4.480
157.000   8.000   163.936     4.240
154.000  10.000   190.504     3.970
151.000  12.000   236.374     3.640
148.000  14.000   268.791     3.190
145.000  16.000   304.202     3.300
142.000  18.000   366.148     3.780
139.000  20.000   419.116     2.650
136.000  22.000   480.687     3.490
133.000  24.000   491.388     2.890
130.000  26.000   502.808     2.390
127.000  28.000   517.887     2.800
124.000  30.000   523.766     0.910
121.000  32.000   519.040     3.230
118.000  34.000   529.650     3.410
115.000  36.000   527.717     3.300
112.000  38.000   523.912     2.930
109.000  40.000   531.647     3.230
106.000  42.000   546.695     5.200
103.000  44.000   538.527     3.870
100.000  46.000   538.031     4.330
 97.000  48.000   545.532     3.760
 94.000  50.000   537.520     4.070
 91.000  52.000   550.813     5.430
 88.000  54.000   577.712     5.530
 85.000  56.000   585.453     4.570
164.000   2.000    50.318     3.050
161.000   4.000    93.061     3.550
158.000   6.000   130.308     1.900
155.000   8.000   154.577     3.070
152.000  10.000   197.390     3.320
149.000  12.000   238.512     3.130
146.000  14.000   267.206     2.980
143.000  16.000   320.748     3.270
140.000  18.000   378.053     3.410
137.000  20.000   429.507     1.810
134.000  22.000   472.438     2.660
131.000  24.000   479.217     2.200
128.000  26.000   492.904     2.750
125.000  28.000   507.759     2.980
122.000  30.000   506.411     1.470
119.000  32.000   506.502     4.020
116.000  34.000   514.630     3.270
113.000  36.000   510.011     3.390
110.000  38.000   512.134     3.800
107.000  40.000   524.000     3.210
104.000  42.000   527.453     3.230
101.000  44.000   534.102     3.540
 98.000  46.000   538.371     3.440
 95.000  48.000   543.368     1.400
 92.000  50.000   535.364     5.250
 89.000  52.000   559.326     2.650
 86.000  54.000   580.170     3.080
162.000   2.000    55.775     2.830
159.000   4.000    88.240     2.740
156.000   6.000   121.445     0.830
153.000   8.000   152.705     3.690
150.000  10.000   201.519     3.390
147.000  12.000   244.916     3.180
144.000  14.000   276.322     3.220
141.000  16.000   334.289     1.040
138.000  18.000   381.610     2.270
135.000  20.000   442.818     1.730
132.000  22.000   456.296     3.300
129.000  24.000   467.344     2.810
126.000  26.000   485.750     2.200
123.000  28.000   492.362     2.620
120.000  30.000   486.224     3.160
117.000  32.000   494.446     2.960
114.000  34.000   498.243     3.090
111.000  36.000   494.432     4.040
108.000  38.000   495.551     4.170
105.000  40.000   511.266     3.160
102.000  42.000   523.808     4.680
 99.000  44.000   534.564     4.020
 96.000  46.000   536.898     4.310
 93.000  48.000   534.784     3.180
 90.000  50.000   540.964     3.980
 87.000  52.000   565.431     2.560
 84.000  54.000   652.460    -5.960
160.000   2.000    51.501     3.180
157.000   4.000    85.035     3.320
154.000   6.000   115.558     2.760
151.000   8.000   158.687     3.640
148.000  10.000   208.695     3.290
145.000  12.000   249.469     3.170
142.000  14.000   287.418     3.000
139.000  16.000   339.448     2.450
136.000  18.000   388.728     1.580
133.000  20.000   434.144     3.300
130.000  22.000   439.153     2.470
127.000  24.000   455.894     2.610
124.000  26.000   472.512     2.660
121.000  28.000   472.427     2.010
118.000  30.000   467.868     3.630
115.000  32.000   480.917     3.210
112.000  34.000   478.725     3.630
109.000  36.000   477.408     4.120
106.000  38.000   478.745     4.040
103.000  40.000   509.733     3.560
100.000  42.000   523.809     4.460
 97.000  44.000   532.507     3.750
 94.000  46.000   533.018     3.330
 91.000  48.000   527.389     3.690
 88.000  50.000   545.679     3.760
 85.000  52.000   569.973     4.010
 82.000  54.000   577.628     2.710
158.000   2.000    50.616     3.230
155.000   4.000    85.181     3.580
152.000   6.000   115.445     1.550
149.000   8.000   169.734     3.130
146.000  10.000   219.294     3.410
143.000  12.000   249.975     3.120
140.000  14.000   295.127     1.680
137.000  16.000   344.108     0.830
134.000  18.000   404.169     3.450
131.000  20.000   419.854     2.890
128.000  22.000   430.570     2.890
125.000  24.000   449.338     2.790
122.000  26.000   459.207     2.340
119.000  28.000   453.951     2.710
116.000  30.000   457.632     1.740
113.000  32.000   466.885     3.310
110.000  34.000   461.689     3.980
107.000  36.000   458.028     3.280
104.000  38.000   486.828     4.050
101.000  40.000   516.218     3.840
 98.000  42.000   528.451     4.100
 95.000  44.000   527.895     4.760
 92.000  46.000   529.053     4.240
 89.000  48.000   528.310     2.520
 86.000  50.000   551.529     3.400
 83.000  52.000   574.332     4.000
156.000   2.000    50.304     2.960
153.000   4.000    78.865     3.160
150.000   6.000   125.097     1.990
147.000   8.000   180.554     2.970
144.000  10.000   225.082     3.240
141.000  12.000   250.535     4.060
138.000  14.000   300.306     3.050
135.000  16.000   352.269     2.800
132.000  18.000   396.403     2.930
129.000  20.000   404.085     2.770
126.000  22.000   419.080     2.830
123.000  24.000   437.812     3.210
120.000  26.000   439.018     3.170
117.000  28.000   434.646     3.090
114.000  30.000   446.158     4.190
111.000  32.000   445.979     2.530
108.000  34.000   440.205     3.110
105.000  36.000   456.671     2.080
102.000  38.000   499.733     4.330
 99.000  40.000   518.132     4.080
 96.000  42.000   529.521     3.550
 93.000  44.000   522.018     3.310
 90.000  46.000   523.153     3.590
 87.000  48.000   535.662     4.430
 84.000  50.000   561.203     3.990
 81.000  52.000   593.268     5.810
154.000   2.000    45.520     2.920
151.000   4.000    79.935     2.880
148.000   6.000   136.115     2.470
145.000   8.000   187.193     3.200
142.000  10.000   220.841     3.290
139.000  12.000   253.271     2.760
136.000  14.000   305.651     3.200
133.000  16.000   362.338     2.710
130.000  18.000   381.902     2.470
127.000  20.000   389.410     2.810
124.000  22.000   409.683     2.700
121.000  24.000   422.336     2.770
118.000  26.000   419.775     2.540
115.000  28.000   419.267     2.480
112.000  30.000   430.027     3.210
109.000  32.000   422.821     3.580
106.000  34.000   437.007     3.490
103.000  36.000   467.037     3.350
100.000  38.000   506.770     3.040
 97.000  40.000   519.142     4.500
 94.000  42.000   520.814     4.510
 91.000  44.000   514.951     4.060
 88.000  46.000   520.229     2.780
 85.000  48.000   540.882     3.120
 82.000  50.000   570.669     3.570
 79.000  52.000   579.366     4.130
152.000   2.000    45.712     3.180
149.000   4.000    90.834     3.200
146.000   6.000   144.067     2.740
143.000   8.000   184.777     3.120
140.000  10.000   212.351     2.780
137.000  12.000   258.776     2.720
134.000  14.000   310.815     0.850
128.000  18.000   363.510     2.450
125.000  20.000   376.538     2.970
122.000  22.000   396.028     2.630
119.000  24.000   401.908     2.250
116.000  26.000   399.779     2.780
113.000  28.000   403.165     2.290
110.000  30.000   403.660     2.790
107.000  32.000   419.294     3.700
104.000  34.000   442.396     3.940
101.000  36.000   481.770     3.670
 98.000  38.000   508.132     4.330
 95.000  40.000   519.486     3.940
 92.000  42.000   508.342     4.650
 89.000  44.000   514.149     3.650
 86.000  46.000   522.640     3.280
 83.000  48.000   550.251     3.780
 80.000  50.000   575.367     3.180
150.000   2.000    47.778     2.820
147.000   4.000    99.270     2.950
144.000   6.000   144.645     2.310
141.000   8.000   183.924     3.610
138.000  10.000   213.380     3.920
135.000  12.000   262.448     2.000
132.000  14.000   321.410     3.260
129.000  16.000   338.358     2.480
126.000  18.000   347.303     2.100
123.000  20.000   365.396     3.150
120.000  22.000   381.652     2.880
117.000  24.000   381.692     3.170
114.000  26.000   378.458     3.050
111.000  28.000   382.798     3.640
108.000  30.000   399.941     2.830
105.000  32.000   421.908     3.040
102.000  34.000   450.076     3.150
 99.000  36.000   492.848     3.620
 96.000  38.000   506.963     3.550
 93.000  40.000   510.508     3.430
 90.000  42.000   499.581     3.950
 87.000  44.000   513.757     3.330
 84.000  46.000   533.083     4.250
 81.000  48.000   563.073     4.650
 78.000  50.000   877.592    -8.940
148.000   2.000    53.588     3.320
145.000   4.000   100.054     3.400
142.000   6.000   143.748     2.130
139.000   8.000   183.491     2.660
136.000  10.000   216.737     2.780
133.000  12.000   271.423     4.130
130.000  14.000   311.264     2.910
127.000  16.000   321.703     2.480
124.000  18.000   332.188     4.000
121.000  20.000   354.259     2.900
118.000  22.000   362.613     3.740
115.000  24.000   359.754     1.580
112.000  26.000   355.088     2.980
109.000  28.000   379.199     2.860
106.000  30.000   404.809     3.540
103.000  32.000   429.110     3.090
100.000  34.000   459.568     4.290
 97.000  36.000   494.701     3.850
 94.000  38.000   504.319     3.770
 91.000  40.000   497.075     3.370
 88.000  42.000   500.733     2.870
 85.000  44.000   518.838     4.800
 82.000  46.000   542.253     3.800
 79.000  48.000   569.890     4.610
 76.000  50.000   576.175     3.540
146.000   2.000    56.391     2.830
143.000   4.000   101.772     2.670
140.000   6.000   147.194     0.650
137.000   8.000   179.511     2.780
134.000  10.000   225.006     2.790
131.000  12.000   283.336     1.730
128.000  14.000   298.369     3.500
122.000  18.000   325.928     4.060
119.000  20.000   343.650     2.460
116.000  22.000   343.385     2.650
113.000  24.000   336.527     2.420
110.000  26.000   355.864     1.250
107.000  28.000   386.567     3.700
104.000  30.000   412.181     3.710
101.000  32.000   437.926     3.600
 98.000  34.000   474.496     3.150
 95.000  36.000   495.368     3.650
 92.000  38.000   500.717     3.050
 89.000  40.000   490.858     2.840
 86.000  42.000   514.089     2.020
 83.000  44.000   527.685     2.430
 80.000  46.000   554.537     5.070
 77.000  48.000   573.950     4.890
144.000   2.000    54.632     2.970
141.000   4.000   104.864     2.770
138.000   6.000   151.163     2.130
135.000   8.000   184.635     2.800
129.000  12.000   277.407     1.350
126.000  14.000   285.890     2.230
123.000  16.000   298.382     2.890
120.000  18.000   319.362     2.570
117.000  20.000   327.113     2.390
114.000  22.000   319.353     2.650
111.000  24.000   335.066     2.620
108.000  26.000   365.573     2.590
105.000  28.000   398.262     2.740
102.000  30.000   420.966     3.090
 99.000  32.000   447.743     3.850
 96.000  34.000   484.423     3.680
 93.000  36.000   498.800     3.400
 90.000  38.000   498.341     3.750
 87.000  40.000   501.013     4.080
 84.000  42.000   526.561     4.370
 81.000  44.000   542.945     2.880
 78.000  46.000   568.715     3.910
 75.000  48.000   801.129     2.470
142.000   2.000    57.151     2.700
139.000   4.000   105.710     2.720
136.000   6.000   154.143     1.770
133.000   8.000   189.739     3.080
130.000  10.000   250.363     1.340
127.000  12.000   262.939     2.860
124.000  14.000   275.270     2.450
121.000  16.000   292.318    -2.580
118.000  18.000   307.054     2.780
115.000  20.000   302.514     2.560
112.000  22.000   318.443     2.580
109.000  24.000   343.312     0.060
106.000  26.000   379.792     2.920
103.000  28.000   406.144     2.640
100.000  30.000   431.767     3.700
 97.000  32.000   457.999     4.340
 94.000  34.000   490.412     4.120
 91.000  36.000   499.210     3.650
 88.000  38.000   496.584     3.590
 85.000  40.000   516.912     3.150
 82.000  42.000   534.961     3.460
 79.000  44.000   556.461     4.530
 76.000  46.000   579.042     3.290
 73.000  48.000   578.519     4.800
140.000   2.000    55.230     2.620
137.000   4.000   108.794     2.470
134.000   6.000   149.174     1.090
131.000   8.000   197.888     2.680
128.000  10.000   239.995     3.110
125.000  12.000   248.397     1.390
119.000  16.000   279.800     3.290
116.000  18.000   281.060     2.820
113.000  20.000   298.404     2.310
110.000  22.000   324.143     2.640
107.000  24.000   352.631     1.670
104.000  26.000   389.761     3.740
101.000  28.000   414.219     3.540
 98.000  30.000   437.622     3.600
 95.000  32.000   470.713     3.170
 92.000  34.000   497.528     3.070
 89.000  36.000   501.681     3.740
 86.000  38.000   503.031     3.250
 83.000  40.000   534.332     2.810
 80.000  42.000   544.049     2.750
 77.000  44.000   567.680     3.180
 74.000  46.000   587.958     3.650
138.000   2.000    56.536     3.170
135.000   4.000   110.946     2.990
132.000   6.000   149.042     1.850
129.000   8.000   207.379     2.690
126.000  10.000   223.709     3.000
123.000  12.000   235.735     1.910
120.000  14.000   250.037     2.470
117.000  16.000   257.131     3.250
114.000  18.000   277.385     2.390
111.000  20.000   303.377     3.450
108.000  22.000   331.271     3.050
105.000  24.000   365.435     2.560
102.000  26.000   397.296     2.970
 99.000  28.000   419.545     3.110
 96.000  30.000   445.036     2.730
 93.000  32.000   483.444     3.030
 90.000  34.000   501.286     3.010
 87.000  36.000   503.693     3.290
 84.000  38.000   518.419     4.080
 81.000  40.000   543.214     3.440
 78.000  42.000   557.735     3.570
 75.000  44.000   581.229     4.490
 72.000  46.000   981.312    -8.830
136.000   2.000    57.706     3.290
133.000   4.000   111.092     2.870
130.000   6.000   151.476     1.790
127.000   8.000   196.850     3.040
124.000  10.000   205.588     2.400
121.000  12.000   218.240     1.080
118.000  14.000   225.851     1.360
115.000  16.000   251.884     2.180
112.000  18.000   280.099     2.520
109.000  20.000   310.998     2.580
106.000  22.000   335.097     1.820
103.000  24.000   376.766     3.400
100.000  26.000   400.415     3.250
 97.000  28.000   426.447     2.970
 94.000  30.000   453.772     2.590
 91.000  32.000   496.327     3.230
 88.000  34.000   502.334     3.420
 85.000  36.000   507.162     4.640
 82.000  38.000   533.693     3.120
 79.000  40.000   547.969     3.430
 76.000  42.000   567.712     3.180
 73.000  44.000   594.343     3.200
 70.000  46.000   583.701     2.780
134.000   2.000    58.791     2.910
131.000   4.000   103.662     3.620
128.000   6.000   160.181     2.900
125.000   8.000   179.425     2.790
122.000  10.000   187.317     2.540
119.000  12.000   195.383     1.970
116.000  14.000   224.822     3.380
113.000  16.000   255.550     2.440
110.000  18.000   287.920     2.250
107.000  20.000   315.619     2.300
104.000  22.000   345.543     1.060
101.000  24.000   380.906     2.840
 98.000  26.000   407.715     3.280
 95.000  28.000   435.016     3.450
 92.000  30.000   473.837     2.990
 89.000  32.000   502.588     3.210
 86.000  34.000   504.657     2.760
 83.000  36.000   516.812     2.500
 80.000  38.000   547.592     2.620
 77.000  40.000   557.006     2.730
 74.000  42.000   581.699     3.420
 71.000  44.000   596.152     3.930
132.000   2.000    60.578     2.910
129.000   4.000   104.875     2.980
126.000   6.000   149.752     1.480
123.000   8.000   157.574     2.890
120.000  10.000   160.533     1.910
117.000  12.000   192.725     2.280
114.000  14.000   227.349     2.330
111.000  16.000   260.804     3.430
108.000  18.000   291.557     1.980
105.000  20.000   317.063     2.590
102.000  22.000   354.334     3.080
 99.000  24.000   386.756     1.840
 96.000  26.000   414.904     3.200
 93.000  28.000   445.234     3.530
 90.000  30.000   492.743     2.620
 87.000  32.000   502.027     3.240
 84.000  34.000   510.285     3.300
 81.000  36.000   531.654     3.950
 78.000  38.000   555.515     3.880
 75.000  40.000   572.049     3.420
 72.000  42.000   596.326     4.380
 69.000  44.000   601.876    -4.530
130.000   2.000    60.363     2.640
127.000   4.000   112.120     2.830
124.000   6.000   130.509     2.670
121.000   8.000   128.699     2.760
118.000  10.000   159.760     2.160
115.000  12.000   196.842     1.720
112.000  14.000   233.068     2.130
109.000  16.000   265.656     2.130
106.000  18.000   296.659    -0.170
103.000  20.000   320.198     2.570
100.000  22.000   362.559     2.710
 97.000  24.000   394.518     3.180
 94.000  26.000   428.527     3.100
 91.000  28.000   460.100     3.680
 88.000  30.000   498.226     3.840
 85.000  32.000   500.786     3.180
 82.000  34.000   517.228     2.970
 79.000  36.000   545.392     3.020
 76.000  38.000   564.336     3.120
 73.000  40.000   582.316     4.170
 70.000  42.000   598.764     5.310
 67.000  44.000   591.352     4.360
128.000   2.000    61.700     2.370
125.000   4.000    99.777     3.480
122.000   6.000   100.179     3.500
119.000   8.000   122.718     3.150
113.000  12.000   201.966     2.790
110.000  14.000   235.238     2.460
107.000  16.000   269.558     2.560
104.000  18.000   292.554     2.420
101.000  20.000   328.075     1.110
 98.000  22.000   369.650     3.330
 95.000  24.000   406.665     2.670
 92.000  26.000   438.065     3.060
 89.000  28.000   479.328     3.160
 86.000  30.000   497.338     3.760
 83.000  32.000   505.818     3.840
 80.000  34.000   527.947     3.130
 77.000  36.000   561.692     4.640
 74.000  38.000   570.675     3.040
 71.000  40.000   592.104     3.150
 68.000  42.000   593.995     2.720
126.000   2.000    64.793     3.840
120.000   6.000    93.176    -1.920
117.000   8.000   128.596     2.250
114.000  10.000   170.452     2.650
111.000  12.000   203.975     2.050
108.000  14.000   239.421     2.500
105.000  16.000   267.327     2.990
102.000  18.000   294.927     2.480
 99.000  20.000   338.022     2.590
 96.000  22.000   382.927     2.790
 93.000  24.000   417.539     1.570
 90.000  26.000   446.389     3.520
 87.000  28.000   487.093     3.050
 84.000  30.000   493.214     2.850
 81.000  32.000   515.763     2.860
 78.000  34.000   543.758     2.740
 75.000  36.000   569.245     3.310
 72.000  38.000   578.887     3.850
 69.000  40.000   596.499     4.120
 66.000  42.000   447.062     3.520
124.000   2.000    47.929     3.190
121.000   4.000    67.327     0.930
118.000   6.000    93.103    11.440
115.000   8.000   136.465     2.810
112.000  10.000   171.537    -2.590
109.000  12.000   206.382     2.060
106.000  14.000   238.759     2.130
103.000  16.000   266.112     2.430
100.000  18.000   301.113     1.080
 97.000  20.000   354.047     3.030
 94.000  22.000   394.546     2.760
 91.000  24.000   426.542     2.030
 88.000  26.000   458.375     3.600
 85.000  28.000   485.763     3.860
 82.000  30.000   497.563     2.840
 79.000  32.000   528.249     2.720
 76.000  34.000   557.128     2.360
 73.000  36.000   570.204     1.900
 70.000  38.000   588.384     2.920
 67.000  40.000   591.414     3.840
 64.000  42.000   605.215     3.580
122.000   2.000    46.492     3.060
119.000   4.000    67.937     2.770
116.000   6.000   101.149     0.730
113.000   8.000   140.807     2.850
110.000  10.000   175.036     2.540
107.000  12.000   207.031     2.810
104.000  14.000   240.653     1.850
101.000  16.000   271.313     2.300
 98.000  18.000   315.821     2.640
 95.000  20.000   369.183     2.440
 92.000  22.000   406.694     2.740
 89.000  24.000   434.474     3.020
 86.000  26.000   468.692     2.490
 83.000  28.000   485.619     3.510
 80.000  30.000   514.520     2.760
 77.000  32.000   540.105     3.850
 74.000  34.000   570.852     3.270
 71.000  36.000   575.837     3.290
 68.000  38.000   588.995     3.330
 65.000  40.000   591.743     2.940
120.000   2.000    44.975     1.390
117.000   4.000    68.008     2.690
114.000   6.000   100.542    -0.070
111.000   8.000   136.884     2.740
108.000  10.000   167.396     2.510
105.000  12.000   203.348     2.450
102.000  14.000   233.752     2.070
 99.000  16.000   275.306     2.620
 96.000  18.000   326.772     2.600
 93.000  20.000   374.321     2.750
 90.000  22.000   404.600     2.860
 87.000  24.000   433.319     3.360
 84.000  26.000   465.165     2.950
 81.000  28.000   485.620     4.250
 78.000  30.000   520.335     3.040
 75.000  32.000   542.877     3.070
 72.000  34.000   566.489     3.820
 69.000  36.000   574.950     4.450
 66.000  38.000   575.679     2.330
 63.000  40.000   459.151     0.310
118.000   2.000    52.696     2.360
115.000   4.000    68.183     2.510
112.000   6.000   100.842    -1.670
109.000   8.000   128.769     0.690
106.000  10.000   163.236     2.470
103.000  12.000   198.966     1.870
100.000  14.000   236.361     3.160
 97.000  16.000   278.095     0.440
 94.000  18.000   335.661     2.620
 91.000  20.000   373.742     2.840
 88.000  22.000   400.982     3.140
 85.000  24.000   428.088     3.130
 82.000  26.000   459.185     3.310
 79.000  28.000   487.633     3.620
 76.000  30.000   516.106     4.680
 73.000  32.000   544.037     3.700
 70.000  34.000   552.122     3.720
 67.000  36.000   559.121     2.810
 64.000  38.000   563.856     2.870
 61.000  40.000   591.163     3.030
116.000   2.000    57.344     1.050
113.000   4.000    69.303     2.630
110.000   6.000    94.950    -2.810
107.000   8.000   124.636     2.310
104.000  10.000   160.664     2.590
101.000  12.000   197.519     1.930
 98.000  14.000   239.837     2.220
 95.000  16.000   285.375     1.820
 92.000  18.000   337.934     3.120
 89.000  20.000   369.326     3.530
 86.000  22.000   398.914     3.200
 83.000  24.000   427.828     3.640
 80.000  26.000   455.915     3.420
 77.000  28.000   490.026     3.190
 74.000  30.000   513.680     2.710
 71.000  32.000   540.353     3.540
 68.000  34.000   541.348     3.080
 65.000  36.000   538.587     3.540
 62.000  38.000   566.255     3.620
114.000   2.000    70.376     3.170
111.000   4.000    67.599     2.540
108.000   6.000    92.569     3.110
105.000   8.000   123.989     2.000
102.000  10.000   163.876     2.690
 99.000  12.000   201.001     2.350
 96.000  14.000   242.798     2.340
 93.000  16.000   294.905     0.660
 90.000  18.000   339.028     1.480
 87.000  20.000   366.813     3.300
 84.000  22.000   394.471     3.180
 81.000  24.000   425.959     3.120
 78.000  26.000   457.903     2.480
 75.000  28.000   492.803     2.800
 72.000  30.000   513.613     2.810
 69.000  32.000   528.220     0.580
 66.000  34.000   526.880     3.480
 63.000  36.000   530.736     3.180
 60.000  38.000   509.732    -4.010
112.000   2.000    65.226     2.630
109.000   4.000    67.238     2.430
106.000   6.000    89.176    -2.610
103.000   8.000   127.620     2.800
100.000  10.000   164.303     2.230
 97.000  12.000   207.005     2.850
 94.000  14.000   246.260     2.350
 91.000  16.000   302.090     2.010
 88.000  18.000   336.886     2.880
 85.000  20.000   370.549     0.470
 82.000  22.000   388.766     2.110
 79.000  24.000   424.763     4.080
 76.000  26.000   462.574     2.810
 73.000  28.000   488.266     2.980
 70.000  30.000   510.044     2.610
 67.000  32.000   515.326     2.440
 64.000  34.000   506.593     3.490
 61.000  36.000   539.253     3.890
 58.000  38.000   569.979     3.170
110.000   2.000    72.801     2.870
107.000   4.000    65.474     2.340
104.000   6.000    94.495     0.500
101.000   8.000   132.512     2.600
 98.000  10.000   171.051     2.580
 95.000  12.000   210.397     1.790
 92.000  14.000   255.764     2.370
 89.000  16.000   307.863     2.280
 86.000  18.000   341.490     2.430
 83.000  20.000   366.414     3.360
 80.000  22.000   389.286     2.710
 77.000  24.000   432.411     2.470
 74.000  26.000   466.111     2.600
 71.000  28.000   485.486     2.640
 68.000  30.000   504.959     3.300
 65.000  32.000   496.728     3.020
 62.000  34.000   499.653     3.080
 59.000  36.000   545.077     3.470
108.000   2.000    59.057     2.480
105.000   4.000    65.002     2.050
102.000   6.000    97.826    -1.790
 99.000   8.000   135.021     2.400
 96.000  10.000   174.689     2.490
 93.000  12.000   213.713    -2.710
 90.000  14.000   266.300     2.400
 87.000  16.000   311.812     2.590
 84.000  18.000   342.982     3.440
 81.000  20.000   355.804     2.970
 78.000  22.000   395.421     3.280
 75.000  24.000   435.546     1.770
 72.000  26.000   465.270     3.830
 69.000  28.000   481.245     3.490
 66.000  30.000   494.443     2.970
 63.000  32.000   479.737     4.030
 60.000  34.000   512.456     3.180
 57.000  36.000   163.063    37.610
106.000   2.000    55.268     2.430
103.000   4.000    65.357     2.020
100.000   6.000   102.561     1.760
 97.000   8.000   138.888     2.350
 94.000  10.000   177.784     2.400
 91.000  12.000   219.218     3.900
 88.000  14.000   278.894     2.190
 85.000  16.000   313.384    -3.730
 82.000  18.000   335.978     2.170
 79.000  20.000   350.925     3.230
 76.000  22.000   401.083     0.390
 73.000  24.000   436.426     1.570
 70.000  26.000   458.505     3.570
 67.000  28.000   474.525     2.380
 64.000  30.000   473.047     3.050
 61.000  32.000   470.875    -0.020
 58.000  34.000   518.170     2.570
 55.000  36.000   552.676     1.530
104.000   2.000    45.815     2.210
101.000   4.000    69.085     2.140
 98.000   6.000   103.237     2.230
 95.000   8.000   143.383     2.450
 92.000  10.000   181.841     2.440
 89.000  12.000   231.286     2.200
 86.000  14.000   280.752     2.330
 83.000  16.000   311.772     2.990
 80.000  18.000   325.368     2.370
 77.000  20.000   355.229     3.760
 74.000  22.000   404.252     3.000
 71.000  24.000   433.799     3.120
 68.000  26.000   449.045     2.970
 65.000  28.000   469.854     3.130
 62.000  30.000   449.417     3.410
 59.000  32.000   477.128     3.150
 56.000  34.000   530.406     3.850
102.000   2.000    44.505     2.070
 99.000   4.000    71.826     2.160
 96.000   6.000   108.013    -1.390
 93.000   8.000   145.609     2.470
 90.000  10.000   190.485     2.200
 87.000  12.000   242.202     3.600
 84.000  14.000   280.738     2.340
 81.000  16.000   304.066     1.290
 78.000  18.000   314.059     0.790
 75.000  20.000   364.380     2.540
 72.000  22.000   403.309     2.450
 69.000  24.000   430.782     0.900
 66.000  26.000   443.200     2.730
 63.000  28.000   449.857     2.560
 60.000  30.000   438.044     3.750
 57.000  32.000   492.341     3.500
 54.000  34.000   248.545     1.180
100.000   2.000    41.112     1.700
 97.000   4.000    72.300     2.430
 94.000   6.000   111.405     2.550
 91.000   8.000   153.241     2.330
 88.000  10.000   195.378     2.340
 85.000  12.000   246.033     3.220
 82.000  14.000   280.647     2.040
 79.000  16.000   291.760     2.940
 76.000  18.000   312.240     1.360
 73.000  20.000   370.027    -4.500
 70.000  22.000   400.692     2.570
 67.000  24.000   421.826     1.930
 64.000  26.000   439.418     3.700
 61.000  28.000   420.768     3.800
 58.000  30.000   453.138    -3.980
 55.000  32.000   513.567     3.120
 52.000  34.000   547.350     0.980
 98.000   2.000    44.937     1.820
 95.000   4.000    76.034     1.750
 92.000   6.000   117.811     2.710
 89.000   8.000   159.581     2.270
 86.000  10.000   202.420     2.130
 83.000  12.000   248.870     1.410
 80.000  14.000   272.927     2.590
 77.000  16.000   280.920     1.590
 74.000  18.000   322.623     1.460
 71.000  20.000   371.755    -4.220
 68.000  22.000   402.740    -3.100
 65.000  24.000   415.360    -4.400
 62.000  26.000   424.518     1.320
 59.000  28.000   414.080     2.840
 56.000  30.000   469.557     1.860
 53.000  32.000   527.724     1.980
 96.000   2.000    42.449     1.890
 93.000   4.000    82.000     2.130
 90.000   6.000   120.003     2.630
 87.000   8.000   161.202     2.000
 84.000  10.000   208.594     2.050
 81.000  12.000   248.266     2.270
 78.000  14.000   258.752     2.300
 75.000  16.000   275.311     2.760
 72.000  18.000   333.687     2.710
 69.000  20.000   371.479     2.150
 66.000  22.000   398.912     1.900
 63.000  24.000   409.450     2.640
 60.000  26.000   406.065     2.120
 57.000  28.000   434.658     1.630
 54.000  30.000   496.548     3.390
 51.000  32.000   536.399     6.340
 94.000   2.000    47.358     1.890
 91.000   4.000    83.681     2.140
 88.000   6.000   124.156    -0.180
 85.000   8.000   165.037     2.280
 82.000  10.000   212.251     0.700
 79.000  12.000   238.599     3.120
 76.000  14.000   247.445    -1.850
 73.000  16.000   279.763     1.370
 70.000  18.000   339.588     2.790
 67.000  20.000   372.360     2.300
 64.000  22.000   388.091     2.910
 61.000  24.000   401.912     3.610
 58.000  26.000   400.716     3.460
 55.000  28.000   453.366     3.260
 52.000  30.000   509.849     3.140
 49.000  32.000   534.832     2.750
 92.000   2.000    49.282     2.160
 89.000   4.000    86.012     2.490
 86.000   6.000   128.063    -0.280
 83.000   8.000   167.051     2.120
 80.000  10.000   212.252     0.500
 77.000  12.000   225.624     1.170
 74.000  14.000   241.729     2.340
 71.000  16.000   293.700     0.640
 68.000  18.000   343.107     2.380
 62.000  22.000   386.970     2.010
 59.000  24.000   393.775     0.850
 56.000  26.000   417.592     2.420
 53.000  28.000   471.200     0.890
 50.000  30.000   513.010     2.110
 90.000   2.000    49.150     1.760
 87.000   4.000    90.718     2.040
 84.000   6.000   130.645    -1.780
 81.000   8.000   172.311     2.370
 78.000  10.000   205.891     2.240
 75.000  12.000   214.539     1.250
 72.000  14.000   246.796     1.770
 69.000  16.000   307.988     2.440
 66.000  18.000   343.247     1.940
 63.000  20.000   371.743     1.830
 60.000  22.000   385.515     2.250
 57.000  24.000   393.896     2.540
 54.000  26.000   433.933     1.800
 51.000  28.000   484.677     2.630
 48.000  30.000   512.824     2.500
 88.000   2.000    50.804     1.890
 85.000   4.000    92.033     2.130
 82.000   6.000   129.014     2.070
 79.000   8.000   177.084     2.940
 76.000  10.000   194.498     2.530
 73.000  12.000   213.559     2.700
 70.000  14.000   257.385     2.240
 67.000  16.000   313.358     1.930
 64.000  18.000   349.069     2.550
 61.000  20.000   377.133     2.020
 58.000  22.000   381.832     2.660
 55.000  24.000   405.848     2.670
 52.000  26.000   448.046     2.390
 49.000  28.000   490.130     2.810
 46.000  30.000   525.118    -2.100
 86.000   2.000    51.862     2.230
 83.000   4.000    91.999     2.040
 80.000   6.000   130.668     2.260
 77.000   8.000   170.428     1.770
 74.000  10.000   187.138     1.690
 71.000  12.000   219.543     2.960
 68.000  14.000   269.610     2.330
 65.000  16.000   324.102     1.840
 62.000  18.000   358.437     2.110
 59.000  20.000   374.764     2.230
 56.000  22.000   383.365     2.110
 53.000  24.000   411.563     2.350
 50.000  26.000   454.898     2.310
 47.000  28.000   494.500     2.040
 84.000   2.000    49.461     1.570
 81.000   4.000    89.300     2.150
 78.000   6.000   133.947    -1.980
 75.000   8.000   162.475     2.060
 72.000  10.000   185.362     1.060
 69.000  12.000   223.407     3.570
 66.000  14.000   287.781     2.810
 63.000  16.000   334.413     2.000
 60.000  18.000   370.838     0.640
 57.000  20.000   364.766     2.150
 54.000  22.000   392.035     2.450
 51.000  24.000   422.506     2.240
 48.000  26.000   463.621     3.880
 45.000  28.000   465.099     1.270
 82.000   2.000    49.845     2.010
 79.000   4.000    87.436     1.490
 76.000   6.000   132.520     2.230
 73.000   8.000   156.073     1.920
 70.000  10.000   187.920     2.390
 67.000  12.000   236.706     1.910
 64.000  14.000   306.270     2.520
 61.000  16.000   346.594     2.330
 58.000  18.000   361.964     1.430
 55.000  20.000   360.571     3.070
 52.000  22.000   391.185     2.300
 49.000  24.000   428.792     2.380
 46.000  26.000   472.146     2.680
 43.000  28.000   506.683    -2.280
 80.000   2.000    47.189     1.940
 77.000   4.000    89.412     2.030
 74.000   6.000   125.620     1.370
 71.000   8.000   152.786     2.150
 68.000  10.000   198.359     2.290
 65.000  12.000   259.688     1.740
 62.000  14.000   321.465     2.240
 59.000  16.000   353.933     2.150
 56.000  18.000   342.199     2.080
 53.000  20.000   371.468     2.010
 50.000  22.000   396.836     2.190
 47.000  24.000   434.014     2.160
 44.000  26.000   486.745     2.770
 78.000   2.000    47.058     2.610
 75.000   4.000    87.439     1.900
 72.000   6.000   116.322     2.850
 69.000   8.000   160.477     0.970
 66.000  10.000   210.763     1.300
 63.000  12.000   284.616     1.120
 60.000  14.000   325.441     1.990
 57.000  16.000   341.378    -2.050
 54.000  18.000   330.811     1.340
 51.000  20.000   371.741     1.630
 48.000  22.000   401.148     0.710
 45.000  24.000   443.905     3.180
 42.000  26.000   338.007    -7.890
 76.000   2.000    48.099     1.890
 73.000   4.000    79.647     1.550
 70.000   6.000   118.820     0.930
 67.000   8.000   171.668     2.080
 64.000  10.000   227.461     1.740
 61.000  12.000   292.109     0.760
 58.000  14.000   323.294    -3.050
 55.000  16.000   311.789     1.660
 52.000  18.000   339.009     1.440
 49.000  20.000   370.995     1.110
 46.000  22.000   402.379     1.290
 43.000  24.000   462.385     0.920
 40.000  26.000   481.834     2.560
 74.000   2.000    45.179     1.770
 71.000   4.000    78.323     2.260
 68.000   6.000   134.276    -0.580
 65.000   8.000   186.559     2.200
 62.000  10.000   243.721     1.940
 59.000  12.000   290.391     2.370
 56.000  14.000   303.673     2.170
 53.000  16.000   296.857     1.800
 50.000  18.000   344.084     2.120
 47.000  20.000   368.153     0.040
 44.000  22.000   409.140     3.230
 41.000  24.000   467.549     2.130
 72.000   2.000    43.027     2.430
 69.000   4.000    87.796     2.200
 66.000   6.000   148.206     1.090
 63.000   8.000   192.624     2.050
 60.000  10.000   250.167     2.340
 57.000  12.000   283.113     2.190
 54.000  14.000   279.422     2.760
 51.000  16.000   304.527     2.490
 48.000  18.000   346.614     2.650
 45.000  20.000   372.255     2.930
 42.000  22.000   433.122     2.770
 39.000  24.000   314.295    13.150
 70.000   2.000    44.617     1.230
 67.000   4.000   103.378     2.990
 64.000   6.000   150.785    -1.700
 61.000   8.000   192.123     0.650
 58.000  10.000   242.726     2.270
 55.000  12.000   261.911     1.020
 52.000  14.000   261.057     2.370
 49.000  16.000   305.860     2.300
 46.000  18.000   339.336     2.770
 43.000  20.000   377.125     2.490
 40.000  22.000   436.827     3.560
 37.000  24.000   454.368     3.380
 68.000   2.000    51.929     1.710
 65.000   4.000   111.605     0.570
 62.000   6.000   149.023     2.700
 59.000   8.000   191.350     2.190
 56.000  10.000   236.241     0.970
 53.000  12.000   234.680    -0.340
 50.000  14.000   262.893     0.900
 47.000  16.000   313.374     1.850
 44.000  18.000   336.449     3.130
 41.000  20.000   390.187     2.070
 38.000  22.000   439.943     3.070
 66.000   2.000    62.542     2.670
 63.000   4.000   111.042     2.710
 60.000   6.000   144.619     2.580
 57.000   8.000   192.395     2.700
 54.000  10.000   216.683     2.480
 51.000  12.000   221.819     2.240
 48.000  14.000   266.619     2.660
 45.000  16.000   312.630     3.270
 42.000  18.000   339.343     2.300
 39.000  20.000   409.890     2.650
 36.000  22.000   289.703    -5.080
 64.000   2.000    66.602     2.300
 61.000   4.000   108.806     2.330
 58.000   6.000   144.414     1.390
 55.000   8.000   193.165     2.580
 52.000  10.000   194.371     2.420
 49.000  12.000   229.696     2.880
 46.000  14.000   280.065     2.680
 43.000  16.000   306.807     3.240
 40.000  18.000   367.181     2.530
 37.000  20.000   427.787     2.670
 34.000  22.000   449.299     2.710
 62.000   2.000    71.152     2.030
 59.000   4.000   112.768     2.240
 56.000   6.000   149.388     2.540
 53.000   8.000   180.787     2.190
 50.000  10.000   186.952     2.170
 47.000  12.000   237.980     3.620
 44.000  14.000   287.309     2.910
 41.000  16.000   321.349     3.210
 38.000  18.000   395.884     3.790
 35.000  20.000   436.661     3.550
 60.000   2.000    71.240     2.610
 57.000   4.000   110.098     2.760
 54.000   6.000   152.366     1.560
 51.000   8.000   159.017     2.060
 48.000  10.000   202.660     2.250
 45.000  12.000   249.066     2.560
 42.000  14.000   299.215     2.290
 39.000  16.000   360.906     2.340
 36.000  18.000   416.813     2.610
 33.000  20.000    68.652     5.730
 58.000   2.000    67.822     1.720
 55.000   4.000   103.065     2.440
 52.000   6.000   137.347     1.230
 49.000   8.000   152.768     2.590
 46.000  10.000   204.120     2.920
 43.000  12.000   265.575     2.660
 40.000  14.000   317.524     3.110
 37.000  16.000   382.930     3.060
 34.000  18.000   408.995     3.250
 31.000  20.000   439.711     3.390
 56.000   2.000    64.638     2.700
 53.000   4.000    98.983     2.280
 50.000   6.000   120.691     1.050
 47.000   8.000   161.263     1.890
 44.000  10.000   222.682     2.450
 41.000  12.000   291.262     1.840
 38.000  14.000   344.834     3.010
 35.000  16.000   378.472     3.260
 32.000  18.000   405.177     2.190
 54.000   2.000    54.890     2.170
 51.000   4.000    92.188     2.490
 48.000   6.000   109.889     2.670
 45.000   8.000   176.296     1.840
 42.000  10.000   247.036     2.110
 39.000  12.000   308.697     2.870
 36.000  14.000   347.351     2.500
 33.000  16.000   374.395     2.020
 30.000  18.000   474.645     5.360
 52.000   2.000    51.733     2.350
 49.000   4.000    73.092     3.460
 46.000   6.000   128.205     3.850
 43.000   8.000   201.454     3.090
 40.000  10.000   265.425     2.710
 37.000  12.000   311.253     2.440
 34.000  14.000   340.582     2.520
 31.000  16.000   364.406     2.970
 28.000  18.000   417.513     2.990
 50.000   2.000    43.744     2.560
 47.000   4.000    76.124     2.470
 44.000   6.000   148.310     2.880
 41.000   8.000   216.644     3.050
 38.000  10.000   267.851     2.800
 35.000  12.000   306.098     3.040
 32.000  14.000   323.816     2.840
 29.000  16.000   375.058     3.080
 48.000   2.000    37.553     2.810
 45.000   4.000   101.033     2.450
 42.000   6.000   169.654     0.920
 39.000   8.000   215.009     2.450
 36.000  10.000   276.875     2.330
 33.000  12.000   292.764     2.910
 30.000  14.000   321.323     2.400
 27.000  16.000   203.809    19.130
 46.000   2.000    47.412     2.800
 43.000   4.000   111.842     2.320
 40.000   6.000   160.798     2.660
 37.000   8.000   213.744     2.580
 34.000  10.000   256.488     2.150
 31.000  12.000   275.267     2.180
 28.000  14.000   330.214     2.240
 25.000  16.000   374.879     2.800
 44.000   2.000    63.132     2.460
 41.000   4.000   110.154     2.150
 38.000   6.000   155.465     2.800
 35.000   8.000   217.910     2.080
 32.000  10.000   236.396     3.160
 29.000  12.000   263.208     3.240
 26.000  14.000   337.759     2.810
 42.000   2.000    62.537     1.970
 39.000   4.000   111.751     2.100
 36.000   6.000   154.458     0.420
 33.000   8.000   212.507     2.100
 30.000  10.000   225.502     2.440
 27.000  12.000   279.301     2.090
 24.000  14.000   139.844   -19.650
 40.000   2.000    74.911     2.670
 37.000   4.000   109.800     2.360
 34.000   6.000   173.586     0.450
 31.000   8.000   202.709     2.410
 28.000  10.000   227.315     2.910
 25.000  12.000   292.325     3.490
 22.000  14.000   309.535     2.650
 38.000   2.000    63.784     2.610
 35.000   4.000   109.484     1.900
 32.000   6.000   173.277     1.640
 29.000   8.000   189.943     2.480
 26.000  10.000   230.658     3.040
 23.000  12.000   292.210     2.800
 36.000   2.000    64.453     1.970
 33.000   4.000   119.712     2.080
 30.000   6.000   162.920     1.110
 27.000   8.000   176.355     2.330
 24.000  10.000   249.897     2.640
 21.000  12.000   161.465     7.850
 34.000   2.000    55.847     2.660
 31.000   4.000   115.086     2.480
 28.000   6.000   135.142     3.160
 25.000   8.000   185.012     2.470
 22.000  10.000   257.005     2.020
 19.000  12.000   281.086     2.430
 32.000   2.000    58.515     2.810
 29.000   4.000    96.214     2.160
 26.000   6.000   125.295     1.820
 23.000   8.000   203.391     2.600
 20.000  10.000   255.515     2.130
 30.000   2.000    46.410     1.570
 27.000   4.000    84.852     1.660
 24.000   6.000   142.641     0.490
 21.000   8.000   217.479     1.840
 18.000  10.000    79.729   -42.890
 28.000   2.000    42.397     1.880
 25.000   4.000    88.077     2.550
 22.000   6.000   168.009     0.830
 19.000   8.000   221.007     2.230
 16.000  10.000   230.985     1.980
 26.000   2.000    39.078     2.110
 23.000   4.000   101.162     2.260
 20.000   6.000   170.750     4.200
 17.000   8.000   199.870     3.570
 24.000   2.000    46.748     1.860
 21.000   4.000   113.483     2.370
 18.000   6.000   149.699     1.810
 15.000   8.000   235.788    14.380
 22.000   2.000    54.859     2.190
 19.000   4.000   100.934     1.950
 16.000   6.000   124.590     0.440
 13.000   8.000   137.684     2.080
 20.000   2.000    57.543     2.110
 17.000   4.000    81.789     1.510
 14.000   6.000   114.499     2.290
 18.000   2.000    49.277     3.040
 15.000   4.000    78.401     2.010
 12.000   6.000    89.358     1.210
 16.000   2.000    40.394     1.370
 13.000   4.000    81.284     3.170
 10.000   6.000   121.765     1.700
 14.000   2.000    38.453     2.210
 11.000   4.000    76.553     2.100
 12.000   2.000    38.742     1.890
  9.000   4.000    34.683   -16.340
 10.000   2.000    38.305     2.020
  7.000   4.000   106.975     2.890
  8.000   2.000    61.444     2.340
  6.000   2.000    53.738   -38.380
  4.000   2.000   108.798    -0.110
0
0
0
0
