Aichig_Sportplatz_DipoleDipole_03_S-N
  2.000
3
663
1
1
Phase Angle
mrad
0.0  4.16
104.000   2.000 1   191.067     5.910
102.000   2.000 1   131.672    -1.650
103.000   2.000 2   219.394     4.910
100.000   2.000 1   118.935   -21.540
101.000   2.000 2   144.041     2.030
102.000   2.000 3   222.975     1.080
 98.000   2.000 1    92.816    -9.920
 99.000   2.000 2   212.644     2.420
100.000   2.000 3   204.295     0.200
101.000   2.000 4   295.863    -5.660
 96.000   2.000 1    52.104    -3.780
 97.000   2.000 2   100.296     8.480
 98.000   2.000 3   197.268   -11.830
 99.000   2.000 4   165.492    -5.330
100.000   2.000 5   235.055    -0.520
 99.000   4.000 2   200.681     1.100
 94.000   2.000 1    49.293    -0.190
 95.000   2.000 2    77.098     3.070
 96.000   2.000 3   139.560    -7.690
 97.000   2.000 4   236.356     7.890
 98.000   2.000 5   188.178     3.130
 97.000   4.000 2   250.865     2.070
 92.000   2.000 1    44.745   -15.050
 93.000   2.000 2    96.963    10.090
 94.000   2.000 3   134.187    -7.970
 95.000   2.000 4   211.412     1.740
 96.000   2.000 5   332.893     4.450
 95.000   4.000 2   249.474     2.350
 97.000   4.000 3   279.991    -5.130
 90.000   2.000 1    72.022     8.010
 91.000   2.000 2    52.008     0.220
 92.000   2.000 3   105.010    -5.720
 93.000   2.000 4   126.104     7.190
 94.000   2.000 5   192.889    -1.800
 93.000   4.000 2   144.012     3.150
 95.000   4.000 3   253.210     0.620
 88.000   2.000 1    81.803    -3.550
 89.000   2.000 2    59.898    11.020
 90.000   2.000 3    51.009   -12.540
 91.000   2.000 4    96.334     3.650
 92.000   2.000 5   110.862     6.230
 91.000   4.000 2   100.265    -3.040
 93.000   4.000 3   194.246    -4.390
 95.000   4.000 4   202.107    18.680
 86.000   2.000 1    64.736     1.640
 87.000   2.000 2    71.453     1.940
 88.000   2.000 3    50.949     2.910
 89.000   2.000 4    50.240     1.440
 90.000   2.000 5    92.763     6.060
 89.000   4.000 2    66.318     3.090
 91.000   4.000 3   120.729     1.180
 93.000   4.000 4   201.675    -0.740
 84.000   2.000 1    59.481    -7.120
 85.000   2.000 2    49.948     2.190
 86.000   2.000 3    60.104     0.700
 87.000   2.000 4    49.047     3.540
 88.000   2.000 5    51.410    -0.180
 87.000   4.000 2    50.220     4.590
 89.000   4.000 3    98.423     2.310
 91.000   4.000 4   183.249    -1.280
 93.000   4.000 5   186.702    -2.060
 92.000   6.000 3   207.030     3.470
 82.000   2.000 1    52.405    -4.360
 83.000   2.000 2    38.876    -1.280
 84.000   2.000 3    40.149    -0.530
 85.000   2.000 4    55.461    -4.840
 86.000   2.000 5    49.185    -5.390
 85.000   4.000 2    53.919     1.800
 87.000   4.000 3    73.575    -0.130
 89.000   4.000 4   124.936     1.330
 91.000   4.000 5   205.526     0.090
 90.000   6.000 3   193.648    -0.850
 80.000   2.000 1    65.637     4.150
 81.000   2.000 2    32.818     6.890
 82.000   2.000 3    32.042     4.250
 83.000   2.000 4    38.253     3.000
 84.000   2.000 5    57.736    -0.730
 83.000   4.000 2    49.050     1.670
 85.000   4.000 3    59.669    -0.480
 87.000   4.000 4   119.040     2.130
 89.000   4.000 5   205.642    -1.410
 88.000   6.000 3   189.266     3.630
 78.000   2.000 1    67.576     2.490
 79.000   2.000 2    39.440     0.150
 80.000   2.000 3    30.575     7.830
 81.000   2.000 4    36.547     3.840
 82.000   2.000 5    47.650    -0.330
 81.000   4.000 2    46.244    -0.190
 83.000   4.000 3    75.745     1.080
 85.000   4.000 4   114.822    -6.190
 87.000   4.000 5   181.002    -7.900
 86.000   6.000 3   181.989     1.270
 89.000   6.000 4   301.004     1.280
 76.000   2.000 1    60.415    -0.990
 77.000   2.000 2    40.995     4.660
 78.000   2.000 3    37.415    -0.310
 79.000   2.000 4    37.437     3.240
 80.000   2.000 5    49.633    -2.130
 79.000   4.000 2    44.467    -0.770
 81.000   4.000 3    82.117     3.870
 83.000   4.000 4    96.026     2.060
 85.000   4.000 5   189.439     2.970
 84.000   6.000 3   169.035     5.530
 87.000   6.000 4   319.272     7.250
 74.000   2.000 1    58.861     5.390
 75.000   2.000 2    33.502     2.860
 76.000   2.000 3    36.673     2.800
 77.000   2.000 4    40.098     0.060
 78.000   2.000 5    43.304     8.590
 77.000   4.000 2    47.183     3.110
 79.000   4.000 3    76.101     2.460
 81.000   4.000 4   118.223    -2.240
 83.000   4.000 5   175.220    -6.430
 82.000   6.000 3   157.303     5.200
 85.000   6.000 4   322.816     8.150
 72.000   2.000 1    44.051    -0.230
 73.000   2.000 2    39.275     2.610
 74.000   2.000 3    40.695     4.620
 75.000   2.000 4    49.881     1.330
 76.000   2.000 5    55.336     0.380
 75.000   4.000 2    55.689     3.720
 77.000   4.000 3    72.657     4.850
 79.000   4.000 4   127.765     7.440
 81.000   4.000 5   142.949     4.190
 80.000   6.000 3   149.543     1.780
 83.000   6.000 4   298.747    -1.650
 86.000   6.000 5   450.597    -9.160
 70.000   2.000 1    30.253     5.080
 71.000   2.000 2    42.181     1.630
 72.000   2.000 3    47.930     2.490
 73.000   2.000 4    49.603     2.570
 74.000   2.000 5    59.826    -2.360
 73.000   4.000 2    57.064     3.440
 75.000   4.000 3    70.055     1.100
 77.000   4.000 4   105.895     0.480
 79.000   4.000 5   154.541    -0.240
 78.000   6.000 3   137.472     5.590
 81.000   6.000 4   230.667     6.290
 84.000   6.000 5   397.491    -3.490
 68.000   2.000 1    33.013     1.820
 69.000   2.000 2    40.030     1.280
 70.000   2.000 3    56.941     1.780
 71.000   2.000 4    60.693    -6.610
 72.000   2.000 5    59.916     3.700
 71.000   4.000 2    59.596     0.710
 73.000   4.000 3    67.728     1.990
 75.000   4.000 4    80.578     4.440
 77.000   4.000 5   136.465     6.940
 76.000   6.000 3   124.430     5.060
 79.000   6.000 4   197.319     4.450
 82.000   6.000 5   367.016     1.730
 83.000   8.000 4   443.586     2.590
 66.000   2.000 1    27.358    -8.540
 67.000   2.000 2    37.182     3.050
 68.000   2.000 3    44.790     3.820
 69.000   2.000 4    59.062    -1.190
 70.000   2.000 5    59.895     9.890
 69.000   4.000 2    66.787     2.800
 71.000   4.000 3    66.792     1.390
 73.000   4.000 4    75.808    -1.250
 75.000   4.000 5   109.695     5.890
 74.000   6.000 3   105.195    -0.300
 77.000   6.000 4   173.150    -1.790
 80.000   6.000 5   328.290     2.400
 81.000   8.000 4   410.203     1.060
 64.000   2.000 1    34.813     2.600
 65.000   2.000 2    36.063    -4.000
 66.000   2.000 3    56.710     3.020
 67.000   2.000 4    63.856     1.310
 68.000   2.000 5    79.668     0.660
 67.000   4.000 2    76.757     2.590
 69.000   4.000 3    82.908     0.730
 71.000   4.000 4    90.617     0.480
 73.000   4.000 5   107.217    -0.200
 72.000   6.000 3   106.503     2.720
 75.000   6.000 4   185.916     6.580
 78.000   6.000 5   304.342     1.290
 79.000   8.000 4   455.767     3.570
 62.000   2.000 1    34.621    -7.240
 63.000   2.000 2    50.100     5.730
 64.000   2.000 3    52.954   -10.850
 65.000   2.000 4    78.874     4.100
 66.000   2.000 5    83.032     2.350
 65.000   4.000 2    88.750     1.850
 67.000   4.000 3   105.996     0.090
 69.000   4.000 4    98.716     0.550
 71.000   4.000 5   108.875    -0.650
 70.000   6.000 3   111.820     1.130
 73.000   6.000 4   185.124     1.430
 76.000   6.000 5   284.356    -0.400
 77.000   8.000 4   385.882     3.650
 60.000   2.000 1    40.220     8.790
 61.000   2.000 2    51.982    -1.370
 62.000   2.000 3    75.260    10.720
 63.000   2.000 4    70.353    14.960
 64.000   2.000 5   101.664    -1.350
 63.000   4.000 2    86.003     5.130
 65.000   4.000 3   115.091     3.690
 67.000   4.000 4   112.381    -1.820
 69.000   4.000 5   117.884     5.730
 68.000   6.000 3   117.248     1.030
 71.000   6.000 4   157.144     5.730
 74.000   6.000 5   254.818     6.070
 75.000   8.000 4   343.921    -0.310
 79.000   8.000 5   677.589    -0.980
 58.000   2.000 1    42.073    -1.870
 59.000   2.000 2    66.590     4.320
 60.000   2.000 3    72.887    -1.730
 61.000   2.000 4    98.915    19.280
 62.000   2.000 5    79.435    -1.610
 61.000   4.000 2    97.073     0.980
 63.000   4.000 3   122.098    -0.850
 65.000   4.000 4   133.292     3.570
 67.000   4.000 5   120.953     1.920
 66.000   6.000 3   131.806     1.500
 69.000   6.000 4   148.682     4.030
 72.000   6.000 5   257.106    -3.820
 73.000   8.000 4   367.452    -1.400
 77.000   8.000 5   651.052    -1.880
 77.000  10.000 4   770.261     2.740
 56.000   2.000 1    44.665    -6.640
 57.000   2.000 2    64.866     2.610
 58.000   2.000 3    87.823     0.820
 59.000   2.000 4    87.335     3.660
 60.000   2.000 5   114.581    -3.630
 59.000   4.000 2   109.250     4.680
 61.000   4.000 3   116.423     3.410
 63.000   4.000 4   151.172     1.260
 65.000   4.000 5   141.239     3.060
 64.000   6.000 3   167.903     4.490
 67.000   6.000 4   163.306     2.630
 70.000   6.000 5   270.399     0.180
 71.000   8.000 4   356.872     2.010
 75.000   8.000 5   781.521    -4.610
 75.000  10.000 4   830.180    -8.190
 54.000   2.000 1    41.713    -3.460
 55.000   2.000 2    66.280    -1.030
 56.000   2.000 3    93.164     1.600
 57.000   2.000 4   115.216     0.590
 58.000   2.000 5   109.917     1.080
 57.000   4.000 2   131.143     1.560
 59.000   4.000 3   153.336     2.050
 61.000   4.000 4   185.036     4.280
 63.000   4.000 5   198.511     5.930
 62.000   6.000 3   216.364     1.310
 65.000   6.000 4   201.340     1.540
 68.000   6.000 5   266.979    -0.550
 69.000   8.000 4   377.829     1.640
 73.000   8.000 5   723.644     6.780
 73.000  10.000 4   800.443     0.080
 52.000   2.000 1    49.025    -0.640
 53.000   2.000 2    75.595     2.170
 54.000   2.000 3   108.832     0.120
 55.000   2.000 4   140.676     2.900
 56.000   2.000 5   165.971     0.560
 55.000   4.000 2   177.398     1.250
 57.000   4.000 3   208.144     3.170
 59.000   4.000 4   190.194     7.250
 61.000   4.000 5   253.013     1.110
 60.000   6.000 3   272.205     4.420
 63.000   6.000 4   253.239     2.330
 66.000   6.000 5   283.101     1.780
 67.000   8.000 4   365.847     0.720
 71.000   8.000 5   634.131     8.240
 71.000  10.000 4   655.840    -2.060
 50.000   2.000 1    58.924     6.900
 51.000   2.000 2    91.859     2.090
 52.000   2.000 3   131.823     1.020
 53.000   2.000 4   172.323     1.920
 54.000   2.000 5   213.951     0.970
 53.000   4.000 2   209.902     1.400
 55.000   4.000 3   250.120     1.500
 57.000   4.000 4   268.550     0.980
 59.000   4.000 5   304.032     6.100
 58.000   6.000 3   239.619    -1.230
 61.000   6.000 4   286.265     3.360
 64.000   6.000 5   274.254     0.640
 65.000   8.000 4   301.907     6.970
 69.000   8.000 5   571.758     8.940
 69.000  10.000 4   545.148     7.050
 48.000   2.000 1    73.592     2.310
 49.000   2.000 2   112.566     1.520
 50.000   2.000 3   145.839     2.240
 51.000   2.000 4   190.356     0.870
 52.000   2.000 5   231.802    -0.080
 51.000   4.000 2   200.205     0.740
 53.000   4.000 3   266.336     1.390
 55.000   4.000 4   282.499     1.300
 57.000   4.000 5   228.511    -0.600
 56.000   6.000 3   251.037     2.830
 59.000   6.000 4   260.692     6.790
 62.000   6.000 5   237.556     2.400
 63.000   8.000 4   235.387     1.520
 67.000   8.000 5   392.795     0.300
 67.000  10.000 4   422.219    -3.080
 72.000  10.000 5   776.870    -9.120
 71.000  12.000 4   736.164     9.800
 46.000   2.000 1    68.688     3.740
 47.000   2.000 2   101.726     1.220
 48.000   2.000 3   125.780     1.250
 49.000   2.000 4   147.480     0.020
 50.000   2.000 5   180.243     2.110
 49.000   4.000 2   149.275     1.740
 51.000   4.000 3   200.637     1.550
 53.000   4.000 4   207.561     1.970
 55.000   4.000 5   208.051     3.360
 54.000   6.000 3   179.058    -0.870
 57.000   6.000 4   200.976     0.320
 60.000   6.000 5   180.606     0.240
 61.000   8.000 4   170.623    -1.430
 65.000   8.000 5   272.412    -8.870
 65.000  10.000 4   275.335    13.240
 70.000  10.000 5   587.480    11.610
 69.000  12.000 4   547.690     3.920
 44.000   2.000 1    47.686    -1.580
 45.000   2.000 2    80.302     2.300
 46.000   2.000 3   100.934     1.310
 47.000   2.000 4   112.599     5.580
 48.000   2.000 5   123.922     1.010
 47.000   4.000 2   107.842     1.600
 49.000   4.000 3   137.923     2.020
 51.000   4.000 4   162.292     1.120
 53.000   4.000 5   164.242    -0.220
 52.000   6.000 3   158.465     4.170
 55.000   6.000 4   120.465    -2.200
 58.000   6.000 5   143.077    -0.830
 59.000   8.000 4   139.764     8.610
 63.000   8.000 5   206.555     4.060
 63.000  10.000 4   222.248    -0.580
 68.000  10.000 5   481.250     1.190
 67.000  12.000 4   451.453   -11.440
 42.000   2.000 1    34.872     4.650
 43.000   2.000 2    53.007     1.260
 44.000   2.000 3    74.305     1.400
 45.000   2.000 4    86.137     0.930
 46.000   2.000 5    91.035    -1.910
 45.000   4.000 2    87.049     4.130
 47.000   4.000 3   101.256    -0.950
 49.000   4.000 4   125.547    -1.250
 51.000   4.000 5   122.397    -0.410
 50.000   6.000 3   132.477     1.310
 53.000   6.000 4   132.394    -5.310
 56.000   6.000 5   131.827    13.690
 57.000   8.000 4   148.441    10.340
 61.000   8.000 5   185.728     1.590
 61.000  10.000 4   217.629     0.610
 66.000  10.000 5   401.382    11.340
 65.000  12.000 4   403.138     3.320
 40.000   2.000 1    31.892   -10.830
 41.000   2.000 2    35.480     4.200
 42.000   2.000 3    55.514     2.410
 43.000   2.000 4    74.561     4.930
 44.000   2.000 5    84.640    -0.060
 43.000   4.000 2    84.321     4.520
 45.000   4.000 3    98.686    -1.220
 47.000   4.000 4   122.414    -5.300
 49.000   4.000 5   140.988     5.350
 48.000   6.000 3   163.419    -0.050
 51.000   6.000 4   149.474     4.180
 54.000   6.000 5   166.922     0.020
 55.000   8.000 4   170.436     7.170
 59.000   8.000 5   189.291     2.200
 59.000  10.000 4   213.746     0.460
 64.000  10.000 5   398.697     0.500
 63.000  12.000 4   423.292     4.110
 38.000   2.000 1    26.959    -8.610
 39.000   2.000 2    28.263    -4.460
 40.000   2.000 3    39.797     3.670
 41.000   2.000 4    65.680     1.790
 42.000   2.000 5    88.697     5.970
 41.000   4.000 2    96.299     2.270
 43.000   4.000 3   136.628     3.780
 45.000   4.000 4   156.712    -1.210
 47.000   4.000 5   190.526    -0.720
 46.000   6.000 3   199.336     2.570
 49.000   6.000 4   238.025    27.950
 52.000   6.000 5   133.363    10.660
 53.000   8.000 4   213.784     3.880
 57.000   8.000 5   201.456     3.560
 57.000  10.000 4   242.910     1.600
 62.000  10.000 5   463.081    -4.870
 61.000  12.000 4   485.834     2.010
 36.000   2.000 1    33.635    -4.150
 37.000   2.000 2    34.141     4.850
 38.000   2.000 3    44.379     7.920
 39.000   2.000 4    68.328    -0.710
 40.000   2.000 5   118.282     1.440
 39.000   4.000 2    94.093     0.900
 41.000   4.000 3   182.622    -0.920
 43.000   4.000 4   198.588     0.080
 45.000   4.000 5   235.786     1.560
 44.000   6.000 3   237.346     2.170
 47.000   6.000 4   257.342    -0.050
 50.000   6.000 5   245.920    -4.760
 51.000   8.000 4   197.218    15.570
 55.000   8.000 5   257.434     8.410
 55.000  10.000 4   292.157     4.410
 60.000  10.000 5   463.998    -1.320
 59.000  12.000 4   451.453     8.110
 65.000  12.000 5  1029.566    -9.200
 34.000   2.000 1    28.835     6.410
 35.000   2.000 2    36.053     3.010
 36.000   2.000 3    39.670     1.630
 37.000   2.000 4    52.447     2.750
 38.000   2.000 5    83.600    -1.030
 37.000   4.000 2    72.454     3.550
 39.000   4.000 3   184.223     6.810
 41.000   4.000 4   234.796     5.100
 43.000   4.000 5   246.052     1.950
 42.000   6.000 3   299.258     2.290
 45.000   6.000 4   346.863     4.610
 48.000   6.000 5   296.053    -2.660
 49.000   8.000 4   352.487    -1.990
 53.000   8.000 5   319.855    -1.190
 53.000  10.000 4   340.849     1.670
 58.000  10.000 5   468.161    -0.300
 57.000  12.000 4   455.144     1.040
 63.000  12.000 5   979.642    -7.100
 32.000   2.000 1    33.229     5.380
 33.000   2.000 2    42.218     2.440
 34.000   2.000 3    49.396     0.320
 35.000   2.000 4    53.392     1.230
 36.000   2.000 5    71.708    -4.730
 35.000   4.000 2    81.745     0.470
 37.000   4.000 3   200.144     0.450
 39.000   4.000 4   354.375     2.770
 41.000   4.000 5   352.018     1.090
 40.000   6.000 3   424.494     0.300
 43.000   6.000 4   463.165     0.680
 46.000   6.000 5   529.465     7.100
 47.000   8.000 4   414.364     5.200
 51.000   8.000 5   386.815    10.670
 51.000  10.000 4   387.943     3.630
 56.000  10.000 5   503.991     1.920
 55.000  12.000 4   473.294     3.850
 61.000  12.000 5   925.365     0.590
 30.000   2.000 1    48.502     4.450
 31.000   2.000 2    79.820     1.620
 32.000   2.000 3    91.334     0.440
 33.000   2.000 4   100.166     1.320
 34.000   2.000 5   105.679     0.060
 33.000   4.000 2   118.724     0.930
 35.000   4.000 3   198.815     2.040
 37.000   4.000 4   470.408     2.440
 39.000   4.000 5   549.036     2.070
 38.000   6.000 3   551.787     1.180
 41.000   6.000 4   554.618     1.380
 44.000   6.000 5   545.583     3.160
 45.000   8.000 4   497.773     3.700
 49.000   8.000 5   463.535    -5.480
 49.000  10.000 4   437.513    -0.260
 54.000  10.000 5   481.441     1.370
 53.000  12.000 4   471.191     1.590
 59.000  12.000 5   914.550    -7.700
 55.000  26.000 2   786.596    10.060
 28.000   2.000 1    63.947    -1.500
 29.000   2.000 2    89.662     1.910
 30.000   2.000 3   135.483     1.580
 31.000   2.000 4   141.494     2.310
 32.000   2.000 5   145.560     0.960
 31.000   4.000 2   146.319     2.400
 33.000   4.000 3   164.878     1.860
 35.000   4.000 4   377.364    -0.100
 37.000   4.000 5   611.843     0.490
 36.000   6.000 3   549.974     4.670
 39.000   6.000 4   568.251     3.720
 42.000   6.000 5   601.737     2.370
 43.000   8.000 4   668.194     3.190
 47.000   8.000 5   217.237   -11.390
 47.000  10.000 4   207.311   -20.460
 52.000  10.000 5   451.813     8.070
 51.000  12.000 4   444.703     4.960
 57.000  12.000 5   819.675    -7.320
 57.000  20.000 3   906.931    -4.820
 53.000  26.000 2   700.638    -1.490
 26.000   2.000 1    82.840     4.410
 27.000   2.000 2    88.637     0.460
 28.000   2.000 3   113.575     1.470
 29.000   2.000 4   159.337     1.700
 30.000   2.000 5   153.689     0.870
 29.000   4.000 2   163.136     3.140
 31.000   4.000 3   148.210     2.190
 33.000   4.000 4   229.752     1.120
 35.000   4.000 5   512.928     3.620
 34.000   6.000 3   405.471     2.420
 37.000   6.000 4   535.663     0.930
 40.000   6.000 5   541.372     2.570
 41.000   8.000 4   530.285     1.180
 45.000   8.000 5   451.137     5.580
 45.000  10.000 4   450.957     6.120
 50.000  10.000 5   415.461    -3.950
 49.000  12.000 4   395.999     8.820
 55.000  12.000 5   762.745     7.740
 55.000  20.000 3   821.132     0.350
 24.000   2.000 1    75.624    -2.830
 25.000   2.000 2   127.865     0.040
 26.000   2.000 3   113.123     3.890
 27.000   2.000 4   133.776    -0.520
 28.000   2.000 5   178.335     0.620
 27.000   4.000 2   150.956     1.310
 29.000   4.000 3   153.857     0.820
 31.000   4.000 4   155.381     4.240
 33.000   4.000 5   347.421     2.400
 32.000   6.000 3   294.303     3.170
 35.000   6.000 4   564.874     0.700
 38.000   6.000 5   534.844     0.400
 39.000   8.000 4   543.552     1.270
 43.000   8.000 5   444.492    -0.870
 43.000  10.000 4   410.638    -2.070
 48.000  10.000 5   378.166    -8.600
 47.000  12.000 4   357.125    14.290
 53.000  12.000 5   512.938     8.580
 58.000  14.000 5  1018.919     1.460
 53.000  20.000 3   752.384    -3.470
 22.000   2.000 1    72.580    -2.580
 23.000   2.000 2   117.943     2.630
 24.000   2.000 3   159.306     1.560
 25.000   2.000 4   124.140     0.430
 26.000   2.000 5   137.724     1.320
 25.000   4.000 2   150.075     1.610
 27.000   4.000 3   190.735     1.400
 29.000   4.000 4   152.656     6.980
 31.000   4.000 5   235.480     3.460
 30.000   6.000 3   205.628     2.740
 33.000   6.000 4   549.264     1.260
 36.000   6.000 5   537.251     3.400
 37.000   8.000 4   501.700    -3.610
 41.000   8.000 5   425.054    11.910
 41.000  10.000 4   395.430     5.080
 46.000  10.000 5   337.672     2.540
 45.000  12.000 4   348.340     6.270
 51.000  12.000 5   455.921     9.500
 56.000  14.000 5   812.516     2.680
 51.000  20.000 3   642.962     4.940
 20.000   2.000 1    78.713    -2.440
 21.000   2.000 2   127.187     3.280
 22.000   2.000 3   193.347     1.900
 23.000   2.000 4   237.449     1.940
 24.000   2.000 5   179.725     1.360
 23.000   4.000 2   226.163     1.250
 25.000   4.000 3   217.970     0.770
 27.000   4.000 4   195.296     5.570
 29.000   4.000 5   189.571    -3.240
 28.000   6.000 3   168.773     1.920
 31.000   6.000 4   442.118     0.820
 34.000   6.000 5   546.703    -1.320
 35.000   8.000 4   477.720    -0.330
 39.000   8.000 5   714.973    -0.490
 39.000  10.000 4   416.300     1.240
 44.000  10.000 5   352.905    -6.920
 49.000  12.000 5   495.783    -3.590
 54.000  14.000 5   878.564    -0.260
 18.000   2.000 1    60.897    -1.210
 19.000   2.000 2   132.496     1.700
 20.000   2.000 3   176.550     1.060
 21.000   2.000 4   241.470     1.570
 22.000   2.000 5   272.742     1.680
 21.000   4.000 2   225.235     1.440
 23.000   4.000 3   172.081     0.530
 25.000   4.000 4   195.693    -0.710
 27.000   4.000 5   146.543    -0.590
 26.000   6.000 3   142.842     3.300
 29.000   6.000 4   260.597     2.200
 32.000   6.000 5   457.877     0.870
 33.000   8.000 4   445.739     8.380
 37.000   8.000 5   397.614     4.040
 37.000  10.000 4   797.939     1.060
 41.000  12.000 4   377.374     2.470
 47.000  12.000 5   408.816    -0.810
 52.000  14.000 5   764.810   -12.190
 16.000   2.000 1    78.714     3.090
 17.000   2.000 2    64.188     1.790
 18.000   2.000 3   109.953     3.820
 19.000   2.000 4   136.155     0.190
 20.000   2.000 5   173.832     1.430
 19.000   4.000 2   135.989     3.180
 21.000   4.000 3   146.375     1.940
 23.000   4.000 4   132.190    -1.610
 25.000   4.000 5   113.495   -10.810
 24.000   6.000 3   142.429    -1.510
 27.000   6.000 4   156.101    -0.100
 30.000   6.000 5   407.447    -2.080
 31.000   8.000 4   461.223    -8.230
 35.000   8.000 5   409.621    12.970
 35.000  10.000 4   452.374    -2.680
 40.000  10.000 5   372.216    -0.120
 39.000  12.000 4   399.035    -0.430
 45.000  12.000 5   379.073     5.350
 50.000  14.000 5   669.603   -18.250
 14.000   2.000 1    29.987     7.470
 15.000   2.000 2    66.393     0.460
 16.000   2.000 3    50.820     2.710
 17.000   2.000 4    80.408     0.070
 18.000   2.000 5   101.296     4.490
 17.000   4.000 2   112.176     3.760
 19.000   4.000 3   174.766     3.920
 21.000   4.000 4   132.164     3.880
 23.000   4.000 5   154.431     0.240
 22.000   6.000 3   173.586     2.480
 25.000   6.000 4   149.503     7.070
 28.000   6.000 5   410.487     9.290
 29.000   8.000 4   582.487     0.960
 33.000   8.000 5   525.808     5.910
 33.000  10.000 4   556.582     1.830
 38.000  10.000 5   437.457     0.170
 37.000  12.000 4   462.206     1.820
 43.000  12.000 5   385.929     1.540
 12.000   2.000 1    22.459   -19.990
 13.000   2.000 2    54.400     0.600
 14.000   2.000 3   109.354     3.430
 15.000   2.000 4    88.574     3.320
 16.000   2.000 5   138.196     0.830
 15.000   4.000 2   125.212     2.090
 17.000   4.000 3   231.799     2.660
 19.000   4.000 4   247.520     2.800
 21.000   4.000 5   229.091    10.380
 20.000   6.000 3   254.338     3.680
 23.000   6.000 4   218.287     0.260
 26.000   6.000 5   420.054     4.150
 27.000   8.000 4   660.911     1.040
 31.000   8.000 5   680.672    10.370
 31.000  10.000 4   670.716     6.520
 36.000  10.000 5   531.983     0.100
 10.000   2.000 1    42.929    -3.980
 11.000   2.000 2    40.496     2.840
 12.000   2.000 3    96.921     3.360
 13.000   2.000 4   167.612    -0.990
 14.000   2.000 5   131.761     4.790
 13.000   4.000 2   191.287     1.170
 15.000   4.000 3   267.531     2.070
 17.000   4.000 4   399.446     2.340
 19.000   4.000 5   286.568     2.110
 18.000   6.000 3   358.447     3.120
 21.000   6.000 4   313.044     4.310
 24.000   6.000 5   345.019     0.100
 25.000   8.000 4   580.219    -2.860
 29.000   8.000 5   768.385     6.020
  8.000   2.000 1    55.279     1.370
  9.000   2.000 2    64.599     2.790
 10.000   2.000 3    78.928     1.410
 11.000   2.000 4   177.816     1.640
 12.000   2.000 5   280.320    -0.870
 11.000   4.000 2   228.785     4.060
 13.000   4.000 3   262.980     0.620
 15.000   4.000 4   438.412     5.640
 17.000   4.000 5   433.073     1.410
 16.000   6.000 3   443.148     1.320
 19.000   6.000 4   358.627     6.520
 22.000   6.000 5   290.626     4.740
  6.000   2.000 1    55.766    -4.420
  7.000   2.000 2    88.625     0.480
  8.000   2.000 3    82.854     2.390
  9.000   2.000 4    98.574     1.040
 10.000   2.000 5   210.804    -2.470
  9.000   4.000 2   135.583     1.260
 11.000   4.000 3   272.475     4.460
 13.000   4.000 4   347.345    -2.070
 15.000   4.000 5   473.650    -1.310
  4.000   2.000 1    47.926    -0.130
  5.000   2.000 2    71.299     0.760
  6.000   2.000 3   100.363     1.540
  7.000   2.000 4    82.156    -1.500
  8.000   2.000 5    89.971     2.630
2
54
0	508
2	508
4	508
6	508
8	508
10	508.3
12	508.5
14	509
16	509
18	509
20	509
22	510
24	510
26	510
28	510
30	510
32	511
34	511
36	511
38	512
40	512
42	512
44	512
46	511
48	511
50	511
52	511
54	512
56	512
58	512
60	511
62	511
64	511
66	511
68	511
70	511
72	511
74	510
76	510
78	510
80	510
82	510
84	510
86	510
88	510
90	510
92	510
94	510
96	510
98	510
100	510
102	510
104	510
106	510
1
0
0
0
0
0
0
0

