Aichig_Sportplatz_Wenner_03_S-N
  2.000
1
459
1
1
Phase Angle
mrad
0.0  4.16
104.000   2.000   158.126     3.560
101.000   4.000   240.354     1.720
 98.000   6.000   226.398    13.110
 95.000   8.000   213.394     1.500
 92.000  10.000   239.672     1.860
 89.000  12.000   233.820    -2.280
 86.000  14.000   239.393     4.350
 83.000  16.000   253.259     5.060
 80.000  18.000   266.583     1.960
 77.000  20.000   279.622     8.970
 74.000  22.000   292.328    -0.150
 71.000  24.000   358.007     2.300
 68.000  26.000   422.089    10.860
 65.000  28.000   455.547    -7.970
 62.000  30.000   522.397    14.870
 59.000  32.000   586.916     8.630
 56.000  34.000   575.053     0.980
102.000   2.000   192.529     2.290
 99.000   4.000   196.616     0.340
 96.000   6.000   195.332     7.950
 93.000   8.000   217.132     0.070
 90.000  10.000   219.766     0.670
 87.000  12.000   230.002     1.420
 84.000  14.000   236.225     3.460
 81.000  16.000   244.865     3.710
 78.000  18.000   273.441     0.960
 75.000  20.000   284.089     0.090
 72.000  22.000   320.916    -3.410
 69.000  24.000   390.735    -8.630
 66.000  26.000   448.292    -2.920
 63.000  28.000   490.616    -2.260
 60.000  30.000   563.100     2.830
 57.000  32.000   584.982     5.340
 54.000  34.000   556.630     6.600
100.000   2.000   140.318     2.450
 97.000   4.000   175.063     2.070
 94.000   6.000   177.685     0.410
 91.000   8.000   191.681     1.800
 88.000  10.000   209.640     0.700
 85.000  12.000   217.520    -0.600
 82.000  14.000   218.122     2.780
 79.000  16.000   241.162     1.960
 76.000  18.000   275.245     7.820
 73.000  20.000   287.586     1.240
 70.000  22.000   349.437    -1.760
 67.000  24.000   422.590    -8.510
 64.000  26.000   468.823    -7.390
 61.000  28.000   533.551    -9.530
 58.000  30.000   572.862    -4.040
 55.000  32.000   580.397     3.710
 52.000  34.000   551.573     2.520
 98.000   2.000   108.204     1.260
 95.000   4.000   159.186     2.090
 92.000   6.000   170.479     4.950
 89.000   8.000   198.665     3.770
 86.000  10.000   210.151     3.490
 83.000  12.000   202.171     2.360
 80.000  14.000   221.008     0.170
 77.000  16.000   257.619     2.340
 74.000  18.000   288.027    -5.070
 71.000  20.000   312.250     5.750
 68.000  22.000   388.569     2.340
 65.000  24.000   464.791     2.720
 62.000  26.000   513.116    -1.530
 59.000  28.000   575.353    -8.270
 56.000  30.000   597.209    19.390
 53.000  32.000   567.596   -13.550
 96.000   2.000   105.385     2.390
 93.000   4.000   121.753     1.930
 90.000   6.000   166.147    -0.540
 87.000   8.000   185.591     3.810
 84.000  10.000   180.167     0.780
 81.000  12.000   189.734     8.560
 78.000  14.000   223.512     4.470
 75.000  16.000   268.641     1.430
 72.000  18.000   286.188     7.360
 69.000  20.000   339.058     3.100
 66.000  22.000   421.194    -0.080
 63.000  24.000   487.964    -1.500
 60.000  26.000   541.152    -4.040
 57.000  28.000   575.251    -1.760
 54.000  30.000   583.771     3.210
 51.000  32.000   481.630     8.520
 94.000   2.000    68.327     3.590
 91.000   4.000   125.150     2.560
 88.000   6.000   152.681     2.930
 85.000   8.000   151.300     2.580
 82.000  10.000   157.098     2.330
 79.000  12.000   189.199     0.780
 76.000  14.000   234.544     2.220
 73.000  16.000   278.303     4.410
 70.000  18.000   297.945     2.530
 67.000  20.000   369.488    -3.570
 64.000  22.000   445.366    -1.060
 61.000  24.000   503.624     3.730
 58.000  26.000   572.652     4.900
 55.000  28.000   578.371    -0.980
 52.000  30.000   522.295    -8.490
 49.000  32.000   571.953    15.750
 92.000   2.000    74.461     2.210
 89.000   4.000   118.441     2.050
 86.000   6.000   120.155    -1.470
 83.000   8.000   130.554     2.500
 80.000  10.000   150.307     3.060
 77.000  12.000   194.849     5.730
 74.000  14.000   245.791    -2.000
 71.000  16.000   278.706    -2.260
 68.000  18.000   317.935    -0.570
 65.000  20.000   399.484     2.890
 62.000  22.000   478.811     3.590
 59.000  24.000   536.062     7.300
 56.000  26.000   572.884    -0.110
 53.000  28.000   542.333     3.050
 50.000  30.000   569.113     5.880
 90.000   2.000    82.642     2.680
 87.000   4.000    85.160     1.760
 84.000   6.000    95.742     3.790
 81.000   8.000   116.231    -1.030
 78.000  10.000   154.441     4.240
 75.000  12.000   203.683     1.370
 72.000  14.000   255.586     1.260
 69.000  16.000   284.689     2.460
 66.000  18.000   344.266    -1.610
 63.000  20.000   421.299    -3.150
 60.000  22.000   502.986    -3.500
 57.000  24.000   554.549    -2.270
 54.000  26.000   529.885    -3.190
 51.000  28.000   564.583    -9.180
 48.000  30.000   559.607     6.450
 88.000   2.000    74.035     3.800
 85.000   4.000    69.675     1.540
 82.000   6.000    87.552    -2.280
 79.000   8.000   114.641     1.740
 76.000  10.000   159.299     4.610
 73.000  12.000   211.869    -0.500
 70.000  14.000   259.964     0.630
 67.000  16.000   290.551     1.130
 64.000  18.000   358.623    -0.880
 61.000  20.000   441.068     1.930
 58.000  22.000   513.670     7.030
 55.000  24.000   526.657     9.060
 52.000  26.000   538.831    12.310
 49.000  28.000   550.590    -3.090
 46.000  30.000   545.425    -6.490
 86.000   2.000    69.985     2.530
 83.000   4.000    67.810     2.370
 80.000   6.000    85.561     6.170
 77.000   8.000   121.450     1.800
 74.000  10.000   173.432     2.220
 71.000  12.000   229.048     3.740
 68.000  14.000   269.003     1.950
 65.000  16.000   304.032     3.300
 62.000  18.000   384.952    -0.180
 59.000  20.000   477.507     2.730
 56.000  22.000   513.157     3.680
 53.000  24.000   531.289     2.710
 50.000  26.000   536.838     3.520
 47.000  28.000   542.972     9.160
 84.000   2.000    59.939     4.610
 81.000   4.000    63.054     1.980
 78.000   6.000    86.100    -0.250
 75.000   8.000   128.621     1.620
 72.000  10.000   183.641     5.160
 69.000  12.000   234.245    -3.000
 66.000  14.000   266.653    -1.780
 63.000  16.000   321.382     0.790
 60.000  18.000   402.802     1.400
 57.000  20.000   488.877     2.920
 54.000  22.000   528.304     1.900
 51.000  24.000   513.386     1.100
 48.000  26.000   526.786     8.150
 45.000  28.000   530.634     8.630
 82.000   2.000    61.517     2.520
 79.000   4.000    57.134     2.460
 76.000   6.000    90.820    -1.670
 73.000   8.000   141.731     0.380
 70.000  10.000   193.636    -0.240
 67.000  12.000   241.448    -0.520
 64.000  14.000   269.553    -1.210
 61.000  16.000   335.210     0.070
 58.000  18.000   423.242     3.300
 55.000  20.000   511.797     2.180
 52.000  22.000   518.526    -3.180
 49.000  24.000   501.718   -10.520
 46.000  26.000   522.143    14.680
 43.000  28.000   515.423   -13.990
 80.000   2.000    58.296     2.560
 77.000   4.000    57.935     1.810
 74.000   6.000    95.080     2.490
 71.000   8.000   147.465    -1.030
 68.000  10.000   194.191     0.530
 65.000  12.000   243.649     2.880
 62.000  14.000   273.392     2.300
 59.000  16.000   349.695     0.640
 56.000  18.000   471.214     1.780
 53.000  20.000   502.465    -0.180
 50.000  22.000   481.989    -1.400
 47.000  24.000   489.037    -0.170
 44.000  26.000   502.138     0.200
 78.000   2.000    58.564     2.430
 75.000   4.000    65.669     1.600
 72.000   6.000   106.241     0.700
 69.000   8.000   154.023     0.820
 66.000  10.000   206.132     3.260
 63.000  12.000   236.214     2.290
 60.000  14.000   278.354    12.940
 57.000  16.000   386.517     3.710
 54.000  18.000   494.874     4.970
 51.000  20.000   480.226     1.430
 48.000  22.000   453.433     2.720
 45.000  24.000   481.603    13.190
 42.000  26.000   485.261   -13.190
 76.000   2.000    60.834     3.210
 73.000   4.000    68.533     2.450
 70.000   6.000   111.894    -7.620
 67.000   8.000   157.043     1.170
 64.000  10.000   213.244     0.180
 61.000  12.000   228.670     2.050
 58.000  14.000   306.371     4.190
 55.000  16.000   430.163     8.450
 52.000  18.000   476.049     7.070
 49.000  20.000   455.638     3.220
 46.000  22.000   448.196    -2.180
 43.000  24.000   479.656    -9.920
 40.000  26.000   497.061    -2.830
 74.000   2.000    55.745     2.000
 71.000   4.000    70.573     1.610
 68.000   6.000   118.339     2.480
 65.000   8.000   164.971     4.460
 62.000  10.000   208.893     4.790
 59.000  12.000   241.234     3.670
 56.000  14.000   346.991     2.790
 53.000  16.000   457.510     1.660
 50.000  18.000   447.871     0.040
 47.000  20.000   420.458     1.320
 44.000  22.000   442.202    16.640
 41.000  24.000   456.986    -7.220
 72.000   2.000    49.163     2.760
 69.000   4.000    76.295     3.540
 66.000   6.000   117.888    -3.010
 63.000   8.000   175.119     6.990
 60.000  10.000   207.869     4.140
 57.000  12.000   264.875     2.720
 54.000  14.000   382.196     1.570
 51.000  16.000   446.440     6.040
 48.000  18.000   414.950    -5.910
 45.000  20.000   400.595     3.870
 42.000  22.000   436.999    -9.070
 39.000  24.000   454.066    -3.940
 70.000   2.000    47.798     1.450
 67.000   4.000    81.326     1.230
 64.000   6.000   126.568     4.180
 61.000   8.000   188.309     3.280
 58.000  10.000   214.145     2.610
 55.000  12.000   298.250     0.660
 52.000  14.000   414.008     1.430
 49.000  16.000   417.340     2.430
 46.000  18.000   394.223     1.200
 43.000  20.000   404.626    -1.130
 40.000  22.000   430.724    -6.430
 37.000  24.000   469.235     9.300
 68.000   2.000    41.969    11.460
 65.000   4.000    80.337     2.310
 62.000   6.000   139.423     0.440
 59.000   8.000   195.162    -0.710
 56.000  10.000   224.494     6.450
 53.000  12.000   337.623     7.300
 50.000  14.000   418.931     1.450
 47.000  16.000   387.562     2.530
 44.000  18.000   377.611     2.040
 41.000  20.000   400.375     5.180
 38.000  22.000   425.957    11.410
 66.000   2.000    45.792     0.290
 63.000   4.000    90.244     1.990
 60.000   6.000   158.214     0.950
 57.000   8.000   189.857     1.690
 54.000  10.000   250.621     2.470
 51.000  12.000   365.987     0.740
 48.000  14.000   394.296     7.390
 45.000  16.000   363.238     1.910
 42.000  18.000   365.864    -1.340
 39.000  20.000   390.550     9.410
 36.000  22.000   422.068     2.490
 64.000   2.000    44.711     1.650
 61.000   4.000   102.400     1.490
 58.000   6.000   164.231     1.500
 55.000   8.000   190.129     4.290
 52.000  10.000   284.160    -0.750
 49.000  12.000   371.583    -0.290
 46.000  14.000   358.105     1.520
 43.000  16.000   343.555     5.560
 40.000  18.000   350.777     8.610
 37.000  20.000   387.450    -6.260
 34.000  22.000   414.289    17.420
 62.000   2.000    53.956     2.080
 59.000   4.000   110.597     1.230
 56.000   6.000   162.543     0.300
 53.000   8.000   203.978     2.300
 50.000  10.000   316.062     2.280
 47.000  12.000   362.886     6.530
 44.000  14.000   330.735    -4.110
 41.000  16.000   327.400     2.430
 38.000  18.000   332.360     1.720
 35.000  20.000   381.727    -2.490
 60.000   2.000    56.971     1.890
 57.000   4.000   117.199     3.410
 54.000   6.000   157.925     6.740
 51.000   8.000   231.354     4.310
 48.000  10.000   322.490     2.930
 45.000  12.000   333.857     0.490
 42.000  14.000   301.551     0.570
 39.000  16.000   293.530     2.820
 36.000  18.000   334.099    -8.280
 33.000  20.000   379.982    -5.300
 58.000   2.000    61.754     1.520
 55.000   4.000   122.997     1.070
 52.000   6.000   166.664    -2.420
 49.000   8.000   263.078     3.570
 46.000  10.000   314.438     3.820
 43.000  12.000   293.603     7.360
 40.000  14.000   282.143    -0.330
 37.000  16.000   272.677    -4.490
 34.000  18.000   356.897     8.400
 31.000  20.000   396.973    -7.150
 56.000   2.000    64.045     1.060
 53.000   4.000   126.969     1.380
 50.000   6.000   188.597     0.020
 47.000   8.000   275.400     2.740
 44.000  10.000   290.080    -2.780
 41.000  12.000   255.731    -0.910
 38.000  14.000   247.999    -3.880
 35.000  16.000   297.024    -2.600
 32.000  18.000   375.013     0.860
 54.000   2.000    68.078     1.760
 51.000   4.000   132.248     2.230
 48.000   6.000   211.202     4.740
 45.000   8.000   257.638     6.460
 42.000  10.000   246.287     3.970
 39.000  12.000   229.172     3.840
 36.000  14.000   234.171     1.630
 33.000  16.000   342.175     2.420
 30.000  18.000   401.438    -2.750
 52.000   2.000    72.897     2.530
 49.000   4.000   143.192     0.600
 46.000   6.000   210.255    -0.720
 43.000   8.000   219.089     1.980
 40.000  10.000   199.972     1.590
 37.000  12.000   215.242     2.020
 34.000  14.000   269.510     9.380
 31.000  16.000   384.966     5.420
 28.000  18.000   421.113     0.250
 50.000   2.000    82.814     1.420
 47.000   4.000   149.384     2.590
 44.000   6.000   183.517     3.220
 41.000   8.000   177.992     6.470
 38.000  10.000   187.784    -2.600
 35.000  12.000   215.512    10.100
 32.000  14.000   328.315    -1.760
 29.000  16.000   406.448    -0.800
 48.000   2.000    87.615     1.390
 45.000   4.000   137.125     1.150
 42.000   6.000   141.341     3.350
 39.000   8.000   157.290     7.300
 36.000  10.000   188.475     2.200
 33.000  12.000   252.921    -1.570
 30.000  14.000   382.355     3.530
 27.000  16.000   427.563     0.480
 46.000   2.000    85.437     2.100
 43.000   4.000   108.481     0.100
 40.000   6.000   120.759     2.820
 37.000   8.000   162.734     1.280
 34.000  10.000   206.680    -2.190
 31.000  12.000   312.272     0.710
 28.000  14.000   419.692     2.360
 25.000  16.000   462.669     1.800
 44.000   2.000    70.379     3.360
 41.000   4.000    86.873     1.290
 38.000   6.000   122.942     0.010
 35.000   8.000   174.484     1.480
 32.000  10.000   254.316    -0.210
 29.000  12.000   373.424     5.800
 26.000  14.000   429.243     4.200
 42.000   2.000    54.192     1.530
 39.000   4.000    76.429     1.600
 36.000   6.000   142.553    -0.290
 33.000   8.000   190.951    -1.300
 30.000  10.000   299.509     4.090
 27.000  12.000   404.263     2.670
 24.000  14.000   461.451     2.380
 40.000   2.000    42.953     0.610
 37.000   4.000    81.093     2.280
 34.000   6.000   149.026    -0.890
 31.000   8.000   236.605     0.550
 28.000  10.000   325.367    -1.560
 25.000  12.000   411.434    -3.860
 22.000  14.000   471.771    -3.290
 38.000   2.000    43.318    -0.400
 35.000   4.000   102.710     5.400
 32.000   6.000   156.598     2.310
 29.000   8.000   261.176     1.430
 26.000  10.000   353.502    -1.400
 23.000  12.000   428.261     1.110
 36.000   2.000    42.785     0.430
 33.000   4.000   110.669     4.160
 30.000   6.000   182.736     0.310
 27.000   8.000   271.805     1.460
 24.000  10.000   356.496     1.610
 21.000  12.000   394.739     4.450
 34.000   2.000    55.767     2.080
 31.000   4.000   106.336     3.240
 28.000   6.000   221.094     3.480
 25.000   8.000   287.590     1.900
 22.000  10.000   359.058     1.250
 19.000  12.000   341.601    -2.300
 32.000   2.000    57.333     1.860
 29.000   4.000   140.345     3.530
 26.000   6.000   239.243     2.900
 23.000   8.000   276.868     0.380
 20.000  10.000   326.470     1.610
 30.000   2.000    64.749     1.770
 27.000   4.000   178.807     1.650
 24.000   6.000   224.453     0.260
 21.000   8.000   283.746     2.060
 18.000  10.000   284.097     3.830
 28.000   2.000    95.190     1.350
 25.000   4.000   180.374     1.080
 22.000   6.000   194.372     2.340
 19.000   8.000   274.868     3.140
 16.000  10.000   252.054     5.640
 26.000   2.000   102.206     0.980
 23.000   4.000   161.783     1.750
 20.000   6.000   211.834    -0.610
 17.000   8.000   236.605     0.010
 24.000   2.000   103.167     0.820
 21.000   4.000   141.013     5.370
 18.000   6.000   225.955     5.810
 15.000   8.000   222.855     2.590
 22.000   2.000   102.137     1.140
 19.000   4.000   158.459     0.970
 16.000   6.000   217.089     1.000
 13.000   8.000   214.276     4.650
 20.000   2.000    85.281    -1.100
 17.000   4.000   176.152     5.370
 14.000   6.000   172.000     2.340
 18.000   2.000   107.023     1.650
 15.000   4.000   140.699     1.470
 12.000   6.000   151.342    -1.450
 16.000   2.000    80.453     0.060
 13.000   4.000    97.353     1.730
 10.000   6.000   166.160     0.050
 14.000   2.000    63.709     1.490
 11.000   4.000   111.812     1.530
 12.000   2.000    51.909    -1.010
  9.000   4.000   132.142     3.370
 10.000   2.000    64.147     2.040
  7.000   4.000   145.868     1.400
  8.000   2.000    71.875    -5.210
  6.000   2.000    79.530     4.840
  4.000   2.000    72.446     3.450
2
54
0	508
2	508
4	508
6	508
8	508
10	508.3
12	508.5
14	509
16	509
18	509
20	509
22	510
24	510
26	510
28	510
30	510
32	511
34	511
36	511
38	512
40	512
42	512
44	512
46	511
48	511
50	511
52	511
54	512
56	512
58	512
60	511
62	511
64	511
66	511
68	511
70	511
72	511
74	510
76	510
78	510
80	510
82	510
84	510
86	510
88	510
90	510
92	510
94	510
96	510
98	510
100	510
102	510
104	510
106	510
1
0
0
0
0
0
0
0

