Aichig_Sportplatz_DipolDipol_04_S-N
  2.000
3
308
1
1
Phase Angle
mrad
0.0  4.16
 64.000   2.000 1    24.164     0.160
 62.000   2.000 1    34.436    -4.730
 63.000   2.000 2    32.328     0.510
 60.000   2.000 1    32.339    10.370
 61.000   2.000 2    38.230   -27.890
 62.000   2.000 3    38.615    10.410
 58.000   2.000 1    50.212     3.120
 59.000   2.000 2    29.853    -0.880
 60.000   2.000 3    36.262    17.430
 61.000   2.000 4    40.107     4.470
 56.000   2.000 1    78.376     4.450
 57.000   2.000 2    35.189     2.320
 58.000   2.000 3    29.268     5.020
 59.000   2.000 4    40.470    -0.670
 60.000   2.000 5    47.038    -4.660
 59.000   4.000 2    49.155     5.870
 54.000   2.000 1    88.057     4.570
 55.000   2.000 2    64.164     3.380
 56.000   2.000 3    37.732    -0.120
 57.000   2.000 4    38.661   -10.160
 58.000   2.000 5    55.288    10.550
 57.000   4.000 2    47.665     1.440
 52.000   2.000 1    67.966    -0.160
 53.000   2.000 2    62.827     6.970
 54.000   2.000 3    51.608     6.300
 55.000   2.000 4    39.469     7.780
 56.000   2.000 5    44.846     7.770
 55.000   4.000 2    44.551     2.500
 57.000   4.000 3    77.714     2.280
 50.000   2.000 1    65.813    -0.990
 51.000   2.000 2    58.914     6.060
 52.000   2.000 3    59.772     6.240
 53.000   2.000 4    55.185     3.270
 54.000   2.000 5    46.899     3.040
 53.000   4.000 2    53.384     5.300
 55.000   4.000 3    67.207    -6.910
 48.000   2.000 1    61.997     7.800
 49.000   2.000 2    61.521     2.430
 50.000   2.000 3    61.224     0.960
 51.000   2.000 4    61.680    15.880
 52.000   2.000 5    56.761    -5.490
 51.000   4.000 2    67.002     8.170
 53.000   4.000 3    63.695     5.740
 55.000   4.000 4   109.552     0.390
 46.000   2.000 1    51.411    -9.930
 47.000   2.000 2    68.484     4.370
 48.000   2.000 3    79.439    -2.240
 49.000   2.000 4    76.762     2.230
 50.000   2.000 5    77.362    -1.740
 49.000   4.000 2    77.762     1.080
 51.000   4.000 3    76.952     4.300
 53.000   4.000 4    97.066     6.800
 44.000   2.000 1    34.641     4.390
 45.000   2.000 2    56.864     6.180
 46.000   2.000 3    74.113     2.520
 47.000   2.000 4    82.006     0.720
 48.000   2.000 5    78.070    -0.690
 47.000   4.000 2    97.602     2.160
 49.000   4.000 3    96.571    -3.720
 51.000   4.000 4    95.429     2.770
 53.000   4.000 5   158.764    -2.710
 52.000   6.000 3   146.958     4.290
 42.000   2.000 1    42.417     5.610
 43.000   2.000 2    70.427     1.180
 44.000   2.000 3   103.104     2.830
 45.000   2.000 4   124.994     1.040
 46.000   2.000 5   130.982    -0.020
 45.000   4.000 2   140.260     0.060
 47.000   4.000 3   129.460    -0.070
 49.000   4.000 4   121.077    -3.290
 51.000   4.000 5   158.967     1.380
 50.000   6.000 3   143.715     0.520
 40.000   2.000 1    51.620    -5.270
 41.000   2.000 2    84.260     2.120
 42.000   2.000 3   113.930     2.490
 43.000   2.000 4   146.609     1.430
 44.000   2.000 5   163.619     5.370
 43.000   4.000 2   154.069     2.200
 45.000   4.000 3   152.980     1.630
 47.000   4.000 4   137.454     1.670
 49.000   4.000 5   134.098    -5.470
 48.000   6.000 3   133.404    -3.470
 38.000   2.000 1    60.146     1.540
 39.000   2.000 2    74.379     2.480
 40.000   2.000 3   105.019     1.570
 41.000   2.000 4   126.926     0.530
 42.000   2.000 5   151.581    -0.580
 41.000   4.000 2   145.795     2.090
 43.000   4.000 3   171.992     7.240
 45.000   4.000 4   147.194     1.910
 47.000   4.000 5   129.229    -0.670
 46.000   6.000 3   133.490     5.330
 49.000   6.000 4   185.654    -1.710
 36.000   2.000 1    50.613     6.680
 37.000   2.000 2    98.373     1.640
 38.000   2.000 3   102.857     1.400
 39.000   2.000 4   136.510     0.810
 40.000   2.000 5   152.586     5.660
 39.000   4.000 2   139.685     2.410
 41.000   4.000 3   176.050     2.050
 43.000   4.000 4   158.504     0.260
 45.000   4.000 5   137.687     4.580
 44.000   6.000 3   140.639     2.820
 47.000   6.000 4   156.081    -1.040
 34.000   2.000 1    42.428    -6.990
 35.000   2.000 2    69.328     0.230
 36.000   2.000 3   108.978     3.390
 37.000   2.000 4   104.317     3.290
 38.000   2.000 5   131.596     0.800
 37.000   4.000 2   122.001     3.230
 39.000   4.000 3   157.672     5.110
 41.000   4.000 4   171.359     2.760
 43.000   4.000 5   141.022     5.110
 42.000   6.000 3   155.819    -1.820
 45.000   6.000 4   127.560     2.250
 32.000   2.000 1    36.668    -7.220
 33.000   2.000 2    57.722     1.490
 34.000   2.000 3    89.036     1.580
 35.000   2.000 4   132.048     4.430
 36.000   2.000 5   124.080     5.300
 35.000   4.000 2   139.132    -1.030
 37.000   4.000 3   166.233    -0.820
 39.000   4.000 4   192.561     1.980
 41.000   4.000 5   166.319     5.710
 40.000   6.000 3   186.181     0.040
 43.000   6.000 4   144.991    14.620
 46.000   6.000 5   203.569    12.410
 30.000   2.000 1    29.327   -13.400
 31.000   2.000 2    56.976     2.540
 32.000   2.000 3    80.058     0.550
 33.000   2.000 4   117.098     4.380
 34.000   2.000 5   163.371     1.350
 33.000   4.000 2   145.272     1.950
 35.000   4.000 3   168.351     3.310
 37.000   4.000 4   198.564     3.550
 39.000   4.000 5   205.304   -12.870
 38.000   6.000 3   205.962    -2.380
 41.000   6.000 4   158.171     1.400
 44.000   6.000 5   172.678    -6.830
 28.000   2.000 1    38.502     2.430
 29.000   2.000 2    48.402    -0.010
 30.000   2.000 3    83.901     6.330
 31.000   2.000 4   106.742     4.240
 32.000   2.000 5   149.359     1.830
 31.000   4.000 2   123.436     1.090
 33.000   4.000 3   183.487     0.930
 35.000   4.000 4   197.872    -0.530
 37.000   4.000 5   217.177   -10.220
 36.000   6.000 3   209.940     1.210
 39.000   6.000 4   185.579    -1.160
 42.000   6.000 5   146.849   -12.590
 43.000   8.000 4   191.083   -13.510
 26.000   2.000 1    33.191   -11.020
 27.000   2.000 2    48.490     1.240
 28.000   2.000 3    56.811     4.140
 29.000   2.000 4    91.506     2.420
 30.000   2.000 5   109.854     1.930
 29.000   4.000 2   103.794     3.680
 31.000   4.000 3   174.202     2.870
 33.000   4.000 4   182.067    -3.440
 35.000   4.000 5   202.388    14.240
 34.000   6.000 3   204.855    -6.300
 37.000   6.000 4   198.361    -2.680
 40.000   6.000 5   155.609    -0.280
 41.000   8.000 4   166.802   -10.070
 24.000   2.000 1    37.743   -12.710
 25.000   2.000 2    43.948    -1.110
 26.000   2.000 3    61.485     0.030
 27.000   2.000 4    69.105     1.080
 28.000   2.000 5   107.435    -4.900
 27.000   4.000 2    86.879    -0.240
 29.000   4.000 3   148.541     6.100
 31.000   4.000 4   203.103     5.870
 33.000   4.000 5   210.170     1.590
 32.000   6.000 3   209.082     4.420
 35.000   6.000 4   231.427    16.840
 38.000   6.000 5   177.535    -8.670
 39.000   8.000 4   175.482    -2.390
 34.000  22.000 1   263.264     8.120
 22.000   2.000 1    39.770     4.900
 23.000   2.000 2    50.998     2.130
 24.000   2.000 3    51.745    -5.920
 25.000   2.000 4    71.897     4.300
 26.000   2.000 5    78.805     8.120
 25.000   4.000 2    81.158     1.260
 27.000   4.000 3   136.706     1.300
 29.000   4.000 4   219.551     5.400
 31.000   4.000 5   221.623    -5.680
 30.000   6.000 3   240.578    -3.770
 33.000   6.000 4   254.173     0.190
 36.000   6.000 5   223.963     3.220
 37.000   8.000 4   195.206    -7.680
 20.000   2.000 1    45.894    -4.370
 21.000   2.000 2    49.447    -0.860
 22.000   2.000 3    72.233     3.050
 23.000   2.000 4    61.027    -4.360
 24.000   2.000 5    89.324     0.640
 23.000   4.000 2    71.792     2.420
 25.000   4.000 3   119.950    -3.480
 27.000   4.000 4   197.141    -1.220
 29.000   4.000 5   262.226     8.530
 28.000   6.000 3   255.431     1.940
 31.000   6.000 4   273.252    -2.900
 34.000   6.000 5   258.302    -5.030
 35.000   8.000 4   226.738     6.690
 39.000   8.000 5   243.753    16.390
 35.000  16.000 2   256.220     1.580
 18.000   2.000 1    39.674    -0.940
 19.000   2.000 2    46.960     1.580
 20.000   2.000 3    55.029     3.200
 21.000   2.000 4    83.065     5.910
 22.000   2.000 5    58.777    -2.090
 21.000   4.000 2    77.259     1.450
 23.000   4.000 3   103.084     1.410
 25.000   4.000 4   169.961     8.720
 27.000   4.000 5   265.825    12.500
 26.000   6.000 3   250.161    -8.660
 29.000   6.000 4   274.005    -9.140
 32.000   6.000 5   294.585     1.120
 33.000   8.000 4   284.107     9.480
 37.000   8.000 5   199.308    14.380
 37.000  10.000 4   227.461   -22.090
 33.000  16.000 2   284.541    -4.190
 16.000   2.000 1    42.256     2.120
 17.000   2.000 2    42.217     1.700
 18.000   2.000 3    53.855     3.140
 19.000   2.000 4    60.927    -4.930
 20.000   2.000 5   100.418   -11.160
 19.000   4.000 2    85.489     3.980
 21.000   4.000 3    80.099     6.710
 23.000   4.000 4   157.068     4.720
 25.000   4.000 5   244.015    -0.850
 24.000   6.000 3   234.013     3.800
 27.000   6.000 4   324.279     1.210
 30.000   6.000 5   329.430     2.210
 31.000   8.000 4   325.551     6.580
 35.000   8.000 5   241.088     1.690
 35.000  10.000 4   264.889    -5.370
 14.000   2.000 1    44.666    -2.680
 15.000   2.000 2    52.970     1.490
 16.000   2.000 3    60.555    -0.120
 17.000   2.000 4    73.464     1.720
 18.000   2.000 5    79.637    -0.750
 17.000   4.000 2    78.921     2.960
 19.000   4.000 3   112.244     7.300
 21.000   4.000 4   147.054   -10.100
 23.000   4.000 5   237.452     2.600
 22.000   6.000 3   219.094     3.040
 25.000   6.000 4   372.133    -3.510
 28.000   6.000 5   364.751     3.620
 29.000   8.000 4   366.230    -0.960
 33.000   8.000 5   269.504   -19.560
 33.000  10.000 4   270.778   -10.120
 12.000   2.000 1    44.677     2.050
 13.000   2.000 2    46.434     3.780
 14.000   2.000 3    65.046     2.280
 15.000   2.000 4    70.282    -2.060
 16.000   2.000 5    81.150     5.870
 15.000   4.000 2    83.535     6.780
 17.000   4.000 3   140.451    11.350
 19.000   4.000 4    93.376    38.030
 21.000   4.000 5   216.902    12.620
 20.000   6.000 3   204.446     8.090
 23.000   6.000 4   363.024    -3.990
 26.000   6.000 5   372.375     1.880
 27.000   8.000 4   410.990    -2.330
 31.000   8.000 5   289.228   -17.500
 31.000  10.000 4   283.825    11.790
 10.000   2.000 1    51.316     3.550
 11.000   2.000 2    50.712     2.270
 12.000   2.000 3    69.037     0.860
 13.000   2.000 4    91.610    -0.450
 14.000   2.000 5    94.634     7.860
 13.000   4.000 2    95.044     1.600
 15.000   4.000 3   111.216     2.410
 17.000   4.000 4   155.712     7.730
 19.000   4.000 5   200.377     0.220
 18.000   6.000 3   112.082    -6.480
 21.000   6.000 4   349.462    -2.870
 24.000   6.000 5   440.385    24.120
 25.000   8.000 4   408.357    12.230
 29.000   8.000 5   413.379     0.270
  8.000   2.000 1    46.142    -3.610
  9.000   2.000 2    52.791     1.970
 10.000   2.000 3    61.831     6.190
 11.000   2.000 4    79.216     5.320
 12.000   2.000 5    99.595    -0.760
 11.000   4.000 2    93.595    -0.650
 13.000   4.000 3   110.565     1.410
 15.000   4.000 4   213.282     8.330
 17.000   4.000 5    61.867   -30.970
 16.000   6.000 3   182.417    -5.420
 19.000   6.000 4   285.265    -9.130
 22.000   6.000 5   438.766     1.840
  6.000   2.000 1    53.209    -1.870
  7.000   2.000 2    48.282    -0.110
  8.000   2.000 3    67.903     3.760
  9.000   2.000 4    78.978    -0.270
 10.000   2.000 5    98.614     1.150
  9.000   4.000 2    89.407    -0.060
 11.000   4.000 3   119.515    -1.560
 13.000   4.000 4   131.659     6.360
 15.000   4.000 5   183.058    19.040
  4.000   2.000 1    48.308     3.250
  5.000   2.000 2    50.553     3.860
  6.000   2.000 3    58.566     4.830
  7.000   2.000 4    80.026     1.380
  8.000   2.000 5    87.594     6.090
2
34
0	519
2	519
4	519
6	519
8	519
10	519
12	519
14	519
16	519
18	519
20	519
22	519
24	519
26	519
28	519
30	519
32	519
34	519
36	519
38	519
40	519
42	519
44	519
46	519
48	519
50	519
52	519
54	519
56	519
58	519
60	519
62	519
64	519
66	519
1
0
0
0
0
0
0
0
