Aichig_Sportplatz_DipoleDipole_02_SW-NE
  2.000
3
2233
1
1
Phase Angle
mrad
0.0  4.16
236.000   2.000 1    43.718     5.990
234.000   2.000 1    48.326   -11.620
235.000   2.000 2    81.962    -0.240
232.000   2.000 1    47.990     0.200
233.000   2.000 2    70.754     1.620
234.000   2.000 3    98.293    -0.770
230.000   2.000 1    44.252   -25.830
231.000   2.000 2    64.078   -14.140
232.000   2.000 3    88.521     2.730
233.000   2.000 4   110.923     1.470
228.000   2.000 1    41.538   -24.360
229.000   2.000 2    78.774     8.930
230.000   2.000 3    96.809     6.850
231.000   2.000 4   123.977     5.660
232.000   2.000 5   148.427     0.710
231.000   4.000 2   143.962    -0.690
226.000   2.000 1    36.325   -15.080
227.000   2.000 2    65.019     1.560
228.000   2.000 3   112.113    -4.160
229.000   2.000 4   124.736    -3.000
230.000   2.000 5   152.539     7.960
229.000   4.000 2   149.548     1.520
224.000   2.000 1    44.438     3.050
225.000   2.000 2    62.163    -0.340
226.000   2.000 3    99.864    -1.950
227.000   2.000 4   152.913    -3.010
228.000   2.000 5   162.207    -2.250
227.000   4.000 2   162.329    -4.470
229.000   4.000 3   204.279     0.150
222.000   2.000 1    45.293   -28.680
223.000   2.000 2    64.310     1.780
224.000   2.000 3    81.164    14.480
225.000   2.000 4   118.378   -18.220
226.000   2.000 5   172.323     1.070
225.000   4.000 2   142.374     1.370
227.000   4.000 3   189.056     5.280
220.000   2.000 1    40.100    16.310
221.000   2.000 2    58.133     0.870
222.000   2.000 3    79.406    -1.720
223.000   2.000 4    95.225   -18.400
224.000   2.000 5   128.239    14.340
223.000   4.000 2   109.897     1.320
225.000   4.000 3   183.296     0.450
227.000   4.000 4   211.216     8.210
218.000   2.000 1    36.631   -11.340
219.000   2.000 2    53.358    -6.420
220.000   2.000 3    72.439    -3.520
221.000   2.000 4    89.113   -10.070
222.000   2.000 5   103.957    -2.790
221.000   4.000 2    98.007     0.170
223.000   4.000 3   159.027    10.920
225.000   4.000 4   193.080    -7.340
216.000   2.000 1    40.964     1.080
217.000   2.000 2    48.216    -1.780
218.000   2.000 3    66.030    13.040
219.000   2.000 4    84.217    -7.910
220.000   2.000 5   100.561    -9.320
219.000   4.000 2    99.579    -5.430
221.000   4.000 3   135.888    -5.620
223.000   4.000 4   209.114    21.150
225.000   4.000 5   231.171     6.660
224.000   6.000 3   230.032     3.440
214.000   2.000 1    33.912   -12.380
215.000   2.000 2    56.099     7.930
216.000   2.000 3    66.926     0.390
217.000   2.000 4    89.581     8.670
218.000   2.000 5   109.300    -3.260
217.000   4.000 2   103.029     1.340
219.000   4.000 3   137.712    10.600
221.000   4.000 4   203.500    -5.800
223.000   4.000 5   235.156     7.330
222.000   6.000 3   250.514    -5.940
212.000   2.000 1    34.223     8.620
213.000   2.000 2    47.391     2.800
214.000   2.000 3    70.308    -0.360
215.000   2.000 4    82.606   -10.680
216.000   2.000 5   106.798   -13.630
215.000   4.000 2    99.147   -10.300
217.000   4.000 3   142.379    -3.230
219.000   4.000 4   180.488     3.700
221.000   4.000 5   259.452    -8.750
220.000   6.000 3   281.582    -9.060
210.000   2.000 1    35.007    -5.730
211.000   2.000 2    50.262     0.300
212.000   2.000 3    62.573     4.280
213.000   2.000 4    89.809   -15.620
214.000   2.000 5   100.882     7.670
213.000   4.000 2   119.927    -2.620
215.000   4.000 3   180.446     1.690
217.000   4.000 4   225.144     0.980
219.000   4.000 5   326.533   -10.020
218.000   6.000 3   298.894     7.060
221.000   6.000 4   377.866   -14.330
208.000   2.000 1    46.727     0.260
209.000   2.000 2    73.763    -0.700
210.000   2.000 3    94.845     0.280
211.000   2.000 4   115.158    -2.380
212.000   2.000 5   154.782    12.530
211.000   4.000 2   132.378     8.050
213.000   4.000 3   198.863     1.550
215.000   4.000 4   266.538     0.340
217.000   4.000 5   315.934     6.430
216.000   6.000 3   316.020     5.510
219.000   6.000 4   455.458    -5.980
206.000   2.000 1    42.775    15.830
207.000   2.000 2    61.534    -0.900
208.000   2.000 3    86.826     4.110
209.000   2.000 4   104.002     0.720
210.000   2.000 5   121.932    -4.440
209.000   4.000 2   121.720     0.670
211.000   4.000 3   183.434     6.990
213.000   4.000 4   258.686     1.420
215.000   4.000 5   302.721     0.200
214.000   6.000 3   304.130     4.400
217.000   6.000 4   433.736    14.220
204.000   2.000 1    58.058     8.280
205.000   2.000 2    70.983     5.400
206.000   2.000 3    88.688    -0.680
207.000   2.000 4   117.116    -0.860
208.000   2.000 5   133.807    -0.720
207.000   4.000 2   133.766     0.890
209.000   4.000 3   183.984     1.650
211.000   4.000 4   261.360    -0.120
213.000   4.000 5   332.708    -4.340
212.000   6.000 3   336.302    -5.930
215.000   6.000 4   435.334    12.610
218.000   6.000 5   510.344    18.560
202.000   2.000 1    42.254    -8.470
203.000   2.000 2    93.662     0.690
204.000   2.000 3    97.651     0.680
205.000   2.000 4   114.643     4.410
206.000   2.000 5   145.577     2.300
205.000   4.000 2   141.666     4.440
207.000   4.000 3   188.161     3.870
209.000   4.000 4   259.129     2.330
211.000   4.000 5   349.035     6.700
210.000   6.000 3   314.739     5.800
213.000   6.000 4   397.575     8.270
216.000   6.000 5   519.092    -5.110
200.000   2.000 1    52.936    -4.040
201.000   2.000 2    81.399     3.680
202.000   2.000 3   150.485     0.640
203.000   2.000 4   138.391    -0.250
204.000   2.000 5   153.212    -6.490
203.000   4.000 2   143.537     1.890
205.000   4.000 3   186.947     1.400
207.000   4.000 4   234.710    -3.660
209.000   4.000 5   313.471    -2.970
208.000   6.000 3   290.653    -2.400
211.000   6.000 4   372.332     0.890
214.000   6.000 5   498.192   -13.000
215.000   8.000 4   551.070    12.790
198.000   2.000 1    49.177    -6.400
199.000   2.000 2    70.980     3.530
200.000   2.000 3    96.617   -10.090
201.000   2.000 4   159.442     4.460
202.000   2.000 5   137.388     1.440
201.000   4.000 2   162.473     1.940
203.000   4.000 3   164.265     5.630
205.000   4.000 4   197.337     0.940
207.000   4.000 5   254.877   -10.390
206.000   6.000 3   265.666     2.200
209.000   6.000 4   377.730     9.220
212.000   6.000 5   459.888    13.540
213.000   8.000 4   566.784     1.880
196.000   2.000 1    46.361     1.400
197.000   2.000 2    73.332     3.880
198.000   2.000 3    96.570     0.940
199.000   2.000 4   124.226    -8.380
200.000   2.000 5   192.128     1.300
199.000   4.000 2   179.802     4.930
201.000   4.000 3   194.764     4.650
203.000   4.000 4   233.523    -0.040
205.000   4.000 5   278.725     2.970
204.000   6.000 3   310.712    -6.270
207.000   6.000 4   441.125    17.430
210.000   6.000 5   516.057    10.330
211.000   8.000 4   593.495     3.610
194.000   2.000 1    46.878    -5.700
195.000   2.000 2    85.498     2.610
196.000   2.000 3   122.978    -2.250
197.000   2.000 4   158.354     0.510
198.000   2.000 5   191.301    -9.980
197.000   4.000 2   208.847     2.510
199.000   4.000 3   321.913    -0.880
201.000   4.000 4   305.750     1.410
203.000   4.000 5   352.597    -1.670
202.000   6.000 3   345.818     8.540
205.000   6.000 4   474.745     1.910
208.000   6.000 5   558.624   -11.790
209.000   8.000 4   618.386    13.720
192.000   2.000 1    77.389    -0.070
193.000   2.000 2    96.607     1.290
194.000   2.000 3   155.952     3.800
195.000   2.000 4   206.812     1.180
196.000   2.000 5   256.742    10.140
195.000   4.000 2   223.537     1.890
197.000   4.000 3   345.711     1.750
199.000   4.000 4   326.876     4.140
201.000   4.000 5   379.726     1.740
200.000   6.000 3   350.066    10.690
203.000   6.000 4   436.624    -1.470
206.000   6.000 5   578.561    -8.140
207.000   8.000 4   610.706     7.520
211.000   8.000 5   718.319    -2.200
190.000   2.000 1    90.140    -3.990
191.000   2.000 2    93.705     0.450
192.000   2.000 3   108.664     2.910
193.000   2.000 4   163.602    -0.260
194.000   2.000 5   205.446    -1.220
193.000   4.000 2   182.473    -2.400
195.000   4.000 3   261.325     4.520
197.000   4.000 4   356.900    -0.660
199.000   4.000 5   323.587     0.080
198.000   6.000 3   338.440     3.950
201.000   6.000 4   396.090    12.870
204.000   6.000 5   532.775     9.960
205.000   8.000 4   569.960    -2.660
209.000   8.000 5   667.423     0.470
209.000  10.000 4   703.415    10.080
188.000   2.000 1    87.404     0.200
189.000   2.000 2   105.609     1.160
190.000   2.000 3   103.118     2.470
191.000   2.000 4   116.148    -2.700
192.000   2.000 5   170.643    -2.650
191.000   4.000 2   161.664     4.030
193.000   4.000 3   267.814     1.140
195.000   4.000 4   380.409     8.680
197.000   4.000 5   344.267    17.530
196.000   6.000 3   409.918     4.060
199.000   6.000 4   396.738    -5.380
202.000   6.000 5   511.189     2.450
203.000   8.000 4   567.749    12.710
207.000   8.000 5   665.030    19.840
207.000  10.000 4   651.780    -2.780
186.000   2.000 1    78.934    -0.620
187.000   2.000 2   139.812     1.320
188.000   2.000 3   167.152    -0.650
189.000   2.000 4   155.539     0.780
190.000   2.000 5   173.405    -0.380
189.000   4.000 2   167.003     2.540
191.000   4.000 3   278.152    -4.120
193.000   4.000 4   372.462     0.420
195.000   4.000 5   486.277     0.520
194.000   6.000 3   461.102    -0.180
197.000   6.000 4   430.758     0.050
200.000   6.000 5   517.878    -4.000
201.000   8.000 4   553.845    10.960
205.000   8.000 5   655.407   -20.720
205.000  10.000 4   627.100    -0.260
184.000   2.000 1    77.858     3.740
185.000   2.000 2   105.975     3.600
186.000   2.000 3   170.254     3.540
187.000   2.000 4   190.446     0.480
188.000   2.000 5   168.962     3.120
187.000   4.000 2   201.136    -1.250
189.000   4.000 3   237.650     1.160
191.000   4.000 4   360.791    -0.880
193.000   4.000 5   481.377     4.770
192.000   6.000 3   427.512    -2.350
195.000   6.000 4   398.276   -10.050
198.000   6.000 5   435.649     0.420
199.000   8.000 4   461.548    11.170
203.000   8.000 5   546.577    14.610
203.000  10.000 4   563.476   -17.240
182.000   2.000 1    89.093     5.630
183.000   2.000 2   116.899     0.700
184.000   2.000 3   154.074     1.850
185.000   2.000 4   230.332    -0.380
186.000   2.000 5   246.090    -7.200
185.000   4.000 2   221.201     5.000
187.000   4.000 3   200.278     1.280
189.000   4.000 4   315.009     2.110
191.000   4.000 5   388.258     2.450
190.000   6.000 3   359.450    -5.460
193.000   6.000 4   433.321    11.620
196.000   6.000 5   388.320   -16.340
197.000   8.000 4   414.901    15.190
201.000   8.000 5   499.938    -0.390
201.000  10.000 4   497.691    18.630
180.000   2.000 1    54.937    -4.900
181.000   2.000 2    96.887     3.540
182.000   2.000 3   110.050     8.940
183.000   2.000 4   135.242    -0.070
184.000   2.000 5   192.097     4.600
183.000   4.000 2   162.890     2.530
185.000   4.000 3   189.903    -0.280
187.000   4.000 4   210.381     4.610
189.000   4.000 5   303.539     0.320
188.000   6.000 3   295.018     3.940
191.000   6.000 4   394.310    -7.300
194.000   6.000 5   335.871   -12.220
195.000   8.000 4   358.142    10.780
199.000   8.000 5   459.861    29.230
199.000  10.000 4   437.360   -10.630
204.000  10.000 5   520.443    -1.100
203.000  12.000 4   514.020   -25.580
178.000   2.000 1    49.654   -19.490
179.000   2.000 2    72.750     4.090
180.000   2.000 3   117.141     1.150
181.000   2.000 4   120.665    -1.850
182.000   2.000 5   150.419    -3.360
181.000   4.000 2   142.472     4.490
183.000   4.000 3   221.445     4.190
185.000   4.000 4   190.768    -5.510
187.000   4.000 5   284.609    12.920
186.000   6.000 3   261.364    15.330
189.000   6.000 4   399.814    14.670
192.000   6.000 5   352.391     2.130
193.000   8.000 4   339.744    11.900
197.000   8.000 5   439.559   -19.610
197.000  10.000 4   438.189     5.130
202.000  10.000 5   515.890     6.220
201.000  12.000 4   498.262   -22.300
176.000   2.000 1    41.101   -10.840
177.000   2.000 2    76.893     0.620
178.000   2.000 3   101.761     2.950
179.000   2.000 4   153.016     2.780
180.000   2.000 5   149.738     0.940
179.000   4.000 2   166.835     2.080
181.000   4.000 3   221.882     2.800
183.000   4.000 4   238.520     3.010
185.000   4.000 5   259.865   -17.330
184.000   6.000 3   245.240     7.090
187.000   6.000 4   371.155    -0.390
190.000   6.000 5   405.011     6.420
191.000   8.000 4   357.408     9.650
195.000   8.000 5   408.525    38.200
195.000  10.000 4   407.125   -35.530
200.000  10.000 5   449.015   -24.490
199.000  12.000 4   473.968    -4.550
174.000   2.000 1    47.650    -9.620
175.000   2.000 2    65.222     3.520
176.000   2.000 3   112.242     1.370
177.000   2.000 4   136.896    -2.810
178.000   2.000 5   193.918    -3.490
177.000   4.000 2   163.340     1.620
179.000   4.000 3   201.057     1.090
181.000   4.000 4   289.620    -8.370
183.000   4.000 5   233.687     8.960
182.000   6.000 3   260.867    -2.630
185.000   6.000 4   365.953     1.440
188.000   6.000 5   455.362    -7.420
189.000   8.000 4   410.749    10.940
193.000   8.000 5   379.039     0.880
193.000  10.000 4   385.775    11.660
198.000  10.000 5   447.960   -20.180
197.000  12.000 4   430.328   -11.840
172.000   2.000 1    46.582   -14.860
173.000   2.000 2    60.164     4.500
174.000   2.000 3    77.122     2.540
175.000   2.000 4   127.921    -4.130
176.000   2.000 5   151.545     6.210
175.000   4.000 2   146.476    -3.450
177.000   4.000 3   209.934     3.510
179.000   4.000 4   265.357     0.550
181.000   4.000 5   269.779    10.370
180.000   6.000 3   288.410     5.870
183.000   6.000 4   298.698   -14.030
186.000   6.000 5   406.357    -1.920
187.000   8.000 4   414.549    -3.130
191.000   8.000 5   353.887    12.830
191.000  10.000 4   364.377     2.620
196.000  10.000 5   437.523    16.740
195.000  12.000 4   426.060    -6.380
170.000   2.000 1    44.686     0.170
171.000   2.000 2    66.776     2.100
172.000   2.000 3    79.451     0.970
173.000   2.000 4    97.293     0.940
174.000   2.000 5   156.645     2.370
173.000   4.000 2   122.505     4.200
175.000   4.000 3   205.128     4.700
177.000   4.000 4   228.333     1.110
179.000   4.000 5   317.459     3.070
178.000   6.000 3   286.861     0.830
181.000   6.000 4   268.529     2.880
184.000   6.000 5   382.378     8.930
185.000   8.000 4   424.272     8.500
189.000   8.000 5   349.564     2.600
189.000  10.000 4   356.309     1.820
194.000  10.000 5   429.256   -15.750
193.000  12.000 4   414.515     2.590
168.000   2.000 1    38.597     2.480
169.000   2.000 2    59.899     0.900
170.000   2.000 3    79.380     1.720
171.000   2.000 4    87.843     3.220
172.000   2.000 5   104.928     2.230
171.000   4.000 2    98.024     1.030
173.000   4.000 3   177.884     3.270
175.000   4.000 4   233.163     1.460
177.000   4.000 5   276.321     8.990
176.000   6.000 3   267.025    -0.760
179.000   6.000 4   281.472    16.570
182.000   6.000 5   368.112     3.760
183.000   8.000 4   427.454     2.340
187.000   8.000 5   354.156    18.170
187.000  10.000 4   351.672     2.510
192.000  10.000 5   424.724     2.380
191.000  12.000 4   397.207   -10.140
197.000  12.000 5   430.651     2.940
166.000   2.000 1    34.830     2.340
167.000   2.000 2    52.134     0.510
168.000   2.000 3    74.034     0.350
169.000   2.000 4    90.948     1.330
170.000   2.000 5    97.713     1.300
169.000   4.000 2   105.045     3.290
171.000   4.000 3   156.888     2.720
173.000   4.000 4   241.282     5.540
175.000   4.000 5   254.541    -5.130
174.000   6.000 3   276.599     5.090
177.000   6.000 4   329.401    -1.630
180.000   6.000 5   337.375     2.110
181.000   8.000 4   400.162    11.520
185.000   8.000 5   416.593     9.270
185.000  10.000 4   396.391    -3.570
190.000  10.000 5   378.826     3.400
189.000  12.000 4   363.685    13.500
195.000  12.000 5   412.316    33.770
164.000   2.000 1    36.631    -0.530
165.000   2.000 2    58.206     1.620
166.000   2.000 3    78.641     1.510
167.000   2.000 4   104.152     1.860
168.000   2.000 5   121.832     0.750
167.000   4.000 2   117.434     4.740
169.000   4.000 3   143.689     2.710
171.000   4.000 4   244.623     6.750
173.000   4.000 5   298.696    -0.380
172.000   6.000 3   284.543     2.650
175.000   6.000 4   355.114     5.500
178.000   6.000 5   319.859     8.650
179.000   8.000 4   374.349    -3.830
183.000   8.000 5   439.679    22.900
183.000  10.000 4   415.840    11.010
188.000  10.000 5   373.865     0.760
187.000  12.000 4   359.993    -4.670
193.000  12.000 5   406.893   -24.440
162.000   2.000 1    35.585     4.730
163.000   2.000 2    54.194     0.820
164.000   2.000 3    77.895     1.920
165.000   2.000 4    97.646     2.280
166.000   2.000 5   122.763     4.990
165.000   4.000 2   113.692     5.390
167.000   4.000 3   146.717     3.170
169.000   4.000 4   207.324     3.160
171.000   4.000 5   301.264     2.860
170.000   6.000 3   280.807     2.310
173.000   6.000 4   326.688    -4.390
176.000   6.000 5   325.270    -0.050
177.000   8.000 4   326.052    -9.780
181.000   8.000 5   425.159    21.180
181.000  10.000 4   397.055     2.990
186.000  10.000 5   319.905   -13.860
185.000  12.000 4   316.872     0.930
191.000  12.000 5   370.317    25.970
160.000   2.000 1    42.004     2.560
161.000   2.000 2    55.656     2.200
162.000   2.000 3    74.126     3.750
163.000   2.000 4    97.551     2.450
164.000   2.000 5   115.793     1.240
163.000   4.000 2   107.315     2.200
165.000   4.000 3   146.845     1.110
167.000   4.000 4   165.844     4.560
169.000   4.000 5   266.250     2.500
168.000   6.000 3   219.766    -0.130
171.000   6.000 4   297.953    -1.140
174.000   6.000 5   339.045    17.870
175.000   8.000 4   302.124    11.380
179.000   8.000 5   396.696     5.770
179.000  10.000 4   371.054    12.930
184.000  10.000 5   299.038    23.210
183.000  12.000 4   315.243   -17.770
189.000  12.000 5   365.670    27.710
158.000   2.000 1    37.599     5.320
159.000   2.000 2    62.181     2.780
160.000   2.000 3    70.627     1.870
161.000   2.000 4    86.042     0.050
162.000   2.000 5   106.720     3.660
161.000   4.000 2    90.465     1.540
163.000   4.000 3   124.112     0.150
165.000   4.000 4   144.786     1.760
167.000   4.000 5   198.591    -0.770
166.000   6.000 3   169.698     0.150
169.000   6.000 4   256.419    11.800
172.000   6.000 5   306.527    14.110
173.000   8.000 4   291.423    12.740
177.000   8.000 5   339.536    -1.770
177.000  10.000 4   364.690     4.850
182.000  10.000 5   297.883     1.680
181.000  12.000 4   348.371     9.050
187.000  12.000 5   355.425     7.530
156.000   2.000 1    36.064     3.580
157.000   2.000 2    43.705     2.490
158.000   2.000 3    64.341     2.700
159.000   2.000 4    67.585     0.680
160.000   2.000 5    78.815     1.820
159.000   4.000 2    70.861     4.200
161.000   4.000 3    98.226     1.370
163.000   4.000 4   124.455     1.970
165.000   4.000 5   136.710    -6.390
164.000   6.000 3   134.985    -3.730
167.000   6.000 4   231.951     1.280
170.000   6.000 5   257.213   -16.390
171.000   8.000 4   292.237    -1.470
175.000   8.000 5   321.101     2.450
175.000  10.000 4   337.354     2.370
180.000  10.000 5   347.542     2.640
179.000  12.000 4   368.272    25.500
185.000  12.000 5   360.025    18.140
190.000  14.000 5   390.593    -5.180
154.000   2.000 1    35.203    -5.860
155.000   2.000 2    40.295     0.650
156.000   2.000 3    44.505   -13.320
157.000   2.000 4    64.116    -3.050
158.000   2.000 5    65.562     0.620
157.000   4.000 2    68.428     1.870
159.000   4.000 3    86.642     1.440
161.000   4.000 4   113.921     4.340
163.000   4.000 5   129.231    -1.960
162.000   6.000 3   142.490     3.610
165.000   6.000 4   210.594     0.890
168.000   6.000 5   275.905    12.280
169.000   8.000 4   314.257    -8.910
173.000   8.000 5   312.102    -0.440
173.000  10.000 4   337.777    -2.440
178.000  10.000 5   392.456   -13.250
177.000  12.000 4   409.064    -1.950
183.000  12.000 5   374.560    27.580
188.000  14.000 5   408.724   -16.130
152.000   2.000 1    30.421    -0.800
153.000   2.000 2    37.624     1.690
154.000   2.000 3    47.986     9.520
155.000   2.000 4    50.800    18.940
156.000   2.000 5    74.700     5.350
155.000   4.000 2    69.830     4.170
157.000   4.000 3    92.260     0.890
159.000   4.000 4   125.552     1.410
161.000   4.000 5   156.515    -4.060
160.000   6.000 3   157.006     9.230
163.000   6.000 4   207.477     2.830
166.000   6.000 5   306.440     2.050
167.000   8.000 4   346.687    10.570
171.000   8.000 5   344.730     1.120
171.000  10.000 4   370.846    20.400
176.000  10.000 5   456.503    16.890
175.000  12.000 4   463.957     1.610
181.000  12.000 5   407.795    -8.720
186.000  14.000 5   470.515   -25.700
150.000   2.000 1    34.358    -0.700
151.000   2.000 2    48.988     1.350
152.000   2.000 3    58.414     3.390
153.000   2.000 4    75.104     0.750
154.000   2.000 5    71.848    -8.450
153.000   4.000 2    80.063     3.240
155.000   4.000 3   113.078     1.770
157.000   4.000 4   136.429    -0.520
159.000   4.000 5   175.600     6.150
158.000   6.000 3   170.477     2.280
161.000   6.000 4   206.102    -2.300
164.000   6.000 5   347.671    -8.100
165.000   8.000 4   366.631    -4.250
169.000   8.000 5   400.918     4.920
169.000  10.000 4   423.742     4.270
174.000  10.000 5   515.101    -5.760
173.000  12.000 4   497.773     9.580
179.000  12.000 5   401.090   -22.150
184.000  14.000 5   474.052   -10.580
148.000   2.000 1    41.011    -7.630
149.000   2.000 2    51.411     1.120
150.000   2.000 3    63.392     2.810
151.000   2.000 4    71.713     2.340
152.000   2.000 5    92.669    22.850
151.000   4.000 2    83.998     7.820
153.000   4.000 3   101.221     5.120
155.000   4.000 4   130.296     0.020
157.000   4.000 5   168.789     7.650
156.000   6.000 3   163.346     5.760
159.000   6.000 4   211.379    -2.120
162.000   6.000 5   301.737     2.160
163.000   8.000 4   374.940     3.010
167.000   8.000 5   431.852    -5.670
167.000  10.000 4   432.217    -7.880
172.000  10.000 5   514.520    12.350
171.000  12.000 4   504.129    18.580
177.000  12.000 5   431.031    -7.660
182.000  14.000 5   498.805     4.180
146.000   2.000 1    38.112    11.110
147.000   2.000 2    55.648     0.730
148.000   2.000 3    63.697     0.380
149.000   2.000 4    72.728     2.390
150.000   2.000 5    80.774     2.600
149.000   4.000 2    81.842     2.620
151.000   4.000 3   108.092     3.780
153.000   4.000 4   140.634     4.290
155.000   4.000 5   165.147     2.430
154.000   6.000 3   158.362     2.690
157.000   6.000 4   215.607     6.160
160.000   6.000 5   275.869   -12.120
161.000   8.000 4   365.956    13.790
165.000   8.000 5   445.273    -9.260
165.000  10.000 4   448.046    -2.190
170.000  10.000 5   499.881     0.700
169.000  12.000 4   484.740    16.270
175.000  12.000 5   502.266    19.610
180.000  14.000 5   500.533   -32.740
144.000   2.000 1    40.789     6.360
145.000   2.000 2    63.835     3.380
146.000   2.000 3    77.242     1.240
147.000   2.000 4    81.371     0.810
148.000   2.000 5    88.824    -3.330
147.000   4.000 2    88.177     3.350
149.000   4.000 3   116.609    13.260
151.000   4.000 4   129.468     4.390
153.000   4.000 5   158.735     0.810
152.000   6.000 3   168.052     4.100
155.000   6.000 4   222.198    -8.400
158.000   6.000 5   257.700    -4.620
159.000   8.000 4   336.849     0.540
163.000   8.000 5   472.977    10.710
163.000  10.000 4   506.408    19.290
168.000  10.000 5   498.766   -19.010
167.000  12.000 4   522.179     6.610
173.000  12.000 5   577.943    21.120
178.000  14.000 5   534.005    -4.360
183.000  16.000 5   590.615    -3.560
142.000   2.000 1    36.430    -3.450
143.000   2.000 2    59.266     1.930
144.000   2.000 3    82.555    -0.730
145.000   2.000 4    92.084     1.060
146.000   2.000 5    92.624     0.070
145.000   4.000 2   100.368     2.270
147.000   4.000 3   110.768     5.510
149.000   4.000 4   141.681     0.790
151.000   4.000 5   176.315    -1.320
150.000   6.000 3   159.066    -3.170
153.000   6.000 4   219.536    -4.830
156.000   6.000 5   273.799     1.100
157.000   8.000 4   330.887     7.130
161.000   8.000 5   483.992     8.840
161.000  10.000 4   525.748    -2.390
166.000  10.000 5   526.620    -7.300
165.000  12.000 4   552.295    -7.250
171.000  12.000 5   628.920     3.360
176.000  14.000 5   561.335    -7.550
181.000  16.000 5   638.148    -5.430
140.000   2.000 1    37.220     1.300
141.000   2.000 2    60.372     1.270
142.000   2.000 3    84.658     0.860
143.000   2.000 4   109.309     1.980
144.000   2.000 5   114.860     1.490
143.000   4.000 2   120.058     2.090
145.000   4.000 3   122.441     0.150
147.000   4.000 4   160.072     5.270
149.000   4.000 5   163.527    21.510
148.000   6.000 3   186.726    10.630
151.000   6.000 4   225.573     5.360
154.000   6.000 5   297.645     1.140
155.000   8.000 4   324.267    -3.530
159.000   8.000 5   518.493     8.760
159.000  10.000 4   532.210    -3.740
164.000  10.000 5   566.527     1.250
163.000  12.000 4   594.621     0.010
169.000  12.000 5   682.548   -23.170
174.000  14.000 5   572.428   -13.020
179.000  16.000 5   645.357    41.940
138.000   2.000 1    36.902     4.830
139.000   2.000 2    58.957     1.640
140.000   2.000 3    83.827     0.630
141.000   2.000 4   108.987     2.620
142.000   2.000 5   134.694    -3.230
141.000   4.000 2   130.898     0.660
143.000   4.000 3   146.318     3.930
145.000   4.000 4   152.597     0.510
147.000   4.000 5   188.953     8.450
146.000   6.000 3   185.965     6.440
149.000   6.000 4   239.332     6.860
152.000   6.000 5   304.663     8.720
153.000   8.000 4   333.661     2.180
157.000   8.000 5   496.215    10.940
157.000  10.000 4   518.728     9.060
162.000  10.000 5   605.412    19.310
161.000  12.000 4   615.779   -10.240
167.000  12.000 5   719.235   -14.630
172.000  14.000 5   552.579    -6.850
177.000  16.000 5   640.365    -0.960
136.000   2.000 1    37.183   -15.230
137.000   2.000 2    60.323     2.340
138.000   2.000 3    86.783     2.550
139.000   2.000 4   114.262     2.210
140.000   2.000 5   141.608     0.990
139.000   4.000 2   134.722     2.050
141.000   4.000 3   177.990     0.920
143.000   4.000 4   166.306    -2.090
145.000   4.000 5   218.496    12.900
144.000   6.000 3   204.601     3.570
147.000   6.000 4   218.255     8.670
150.000   6.000 5   296.243     2.990
151.000   8.000 4   346.473     9.860
155.000   8.000 5   463.403     6.490
155.000  10.000 4   518.593     1.980
160.000  10.000 5   653.005     9.890
159.000  12.000 4   651.151    12.580
165.000  12.000 5   724.871    17.990
170.000  14.000 5   621.888     5.060
175.000  16.000 5   582.962    -0.290
134.000   2.000 1    39.643    -1.700
135.000   2.000 2    60.338     0.220
136.000   2.000 3    85.100     3.950
137.000   2.000 4   113.271     1.470
138.000   2.000 5   140.744     4.450
137.000   4.000 2   133.460     3.170
139.000   4.000 3   191.184     6.540
141.000   4.000 4   191.397     2.740
143.000   4.000 5   190.790     2.670
142.000   6.000 3   200.166     0.900
145.000   6.000 4   261.985    -6.260
148.000   6.000 5   293.235    -5.440
149.000   8.000 4   352.818     0.790
153.000   8.000 5   449.606     8.800
153.000  10.000 4   463.597    10.430
158.000  10.000 5   681.037   -16.060
157.000  12.000 4   633.779    23.010
163.000  12.000 5   625.500   -23.150
168.000  14.000 5   596.378   -18.510
173.000  16.000 5   530.310   -28.380
132.000   2.000 1    40.416     8.430
133.000   2.000 2    62.091     1.900
134.000   2.000 3    85.104     1.620
135.000   2.000 4   110.221     1.080
136.000   2.000 5   139.530    -0.160
135.000   4.000 2   134.807     2.430
137.000   4.000 3   196.363     1.710
139.000   4.000 4   234.761     1.190
141.000   4.000 5   210.321     0.630
140.000   6.000 3   235.253     3.150
143.000   6.000 4   269.079     6.470
146.000   6.000 5   325.868    11.880
147.000   8.000 4   331.972     6.860
151.000   8.000 5   410.086     0.630
151.000  10.000 4   425.480    -2.640
156.000  10.000 5   643.591    -6.590
155.000  12.000 4   597.751     1.540
161.000  12.000 5   603.530     4.970
166.000  14.000 5   634.061   -25.040
171.000  16.000 5   529.086   -40.460
176.000  18.000 5   573.858   -37.910
130.000   2.000 1    43.629     6.520
131.000   2.000 2    67.238     2.860
132.000   2.000 3    92.556     2.450
133.000   2.000 4   118.580    -0.780
134.000   2.000 5   145.752     6.410
133.000   4.000 2   147.324     1.460
135.000   4.000 3   216.035     1.060
137.000   4.000 4   281.005     5.580
139.000   4.000 5   263.796    -0.440
138.000   6.000 3   265.669     2.910
141.000   6.000 4   275.433     3.180
144.000   6.000 5   267.553     9.880
145.000   8.000 4   314.142     7.640
149.000   8.000 5   378.350    16.590
149.000  10.000 4   362.043    -5.450
154.000  10.000 5   587.672     0.680
153.000  12.000 4   514.077     9.350
159.000  12.000 5   572.821    33.710
164.000  14.000 5   608.228    -7.700
169.000  16.000 5   470.850     1.190
174.000  18.000 5   579.867   -25.190
128.000   2.000 1    49.289     8.810
129.000   2.000 2    79.041     1.920
130.000   2.000 3   107.159     2.340
131.000   2.000 4   137.584     4.370
132.000   2.000 5   167.871     1.570
131.000   4.000 2   139.420     1.750
133.000   4.000 3   194.888     1.720
135.000   4.000 4   254.988     0.620
137.000   4.000 5   284.063     7.390
136.000   6.000 3   258.219    -1.190
139.000   6.000 4   224.188    -1.330
142.000   6.000 5   280.156     1.750
143.000   8.000 4   233.466     9.290
147.000   8.000 5   334.607     7.430
147.000  10.000 4   328.257    -4.820
152.000  10.000 5   485.604    20.460
151.000  12.000 4   451.638    16.440
157.000  12.000 5   537.908    29.890
162.000  14.000 5   601.236    35.580
167.000  16.000 5   502.095    43.080
172.000  18.000 5   484.105     2.040
126.000   2.000 1    46.528   -10.260
127.000   2.000 2    55.703     0.820
128.000   2.000 3    75.291     3.100
129.000   2.000 4    94.170     2.130
130.000   2.000 5   115.308     1.280
129.000   4.000 2   101.441     3.990
131.000   4.000 3   139.686     3.970
133.000   4.000 4   181.654     1.820
135.000   4.000 5   220.723     0.190
134.000   6.000 3   202.782     7.650
137.000   6.000 4   185.756    -5.540
140.000   6.000 5   201.522     7.070
141.000   8.000 4   225.151    10.260
145.000   8.000 5   269.288    -0.590
145.000  10.000 4   270.755     0.500
150.000  10.000 5   375.798    19.930
149.000  12.000 4   374.420    13.800
155.000  12.000 5   477.550    20.840
160.000  14.000 5   516.973     3.630
165.000  16.000 5   453.296    13.930
170.000  18.000 5   484.331   -43.550
124.000   2.000 1    40.359     5.470
125.000   2.000 2    51.187     0.160
126.000   2.000 3    63.116    -0.850
127.000   2.000 4    78.042     1.420
128.000   2.000 5    93.228     1.740
127.000   4.000 2    85.144     0.190
129.000   4.000 3   118.857     0.230
131.000   4.000 4   151.113     4.620
133.000   4.000 5   185.177    -9.580
132.000   6.000 3   182.518    -4.860
135.000   6.000 4   198.022     8.120
138.000   6.000 5   204.084     7.950
139.000   8.000 4   209.906    -1.950
143.000   8.000 5   239.457   -23.190
143.000  10.000 4   257.798    20.710
148.000  10.000 5   342.930    -5.710
147.000  12.000 4   336.808   -12.320
153.000  12.000 5   485.681    -0.180
158.000  14.000 5   524.473   -34.360
163.000  16.000 5   467.768    50.800
168.000  18.000 5   427.270   -43.360
122.000   2.000 1    28.503    13.620
123.000   2.000 2    45.491     1.780
124.000   2.000 3    57.805     2.030
125.000   2.000 4    68.605     0.080
126.000   2.000 5    81.529     1.720
125.000   4.000 2    79.620     2.020
127.000   4.000 3   112.429     2.820
129.000   4.000 4   146.190     0.300
131.000   4.000 5   180.667     0.340
130.000   6.000 3   177.217     7.470
133.000   6.000 4   217.016     0.040
136.000   6.000 5   184.018     9.460
137.000   8.000 4   210.078     4.350
141.000   8.000 5   255.977   -20.000
141.000  10.000 4   265.598     8.840
146.000  10.000 5   335.844    -3.460
145.000  12.000 4   328.168    -4.140
151.000  12.000 5   495.395     5.310
156.000  14.000 5   484.406    19.960
161.000  16.000 5   497.461    14.980
166.000  18.000 5   434.348    22.470
120.000   2.000 1    38.250     8.350
121.000   2.000 2    32.261     1.960
122.000   2.000 3    60.665     2.090
123.000   2.000 4    73.375     1.670
124.000   2.000 5    84.400     7.140
123.000   4.000 2    82.025     6.780
125.000   4.000 3   112.456     2.350
127.000   4.000 4   151.190     2.930
129.000   4.000 5   187.404     2.100
128.000   6.000 3   188.598     1.450
131.000   6.000 4   246.584     1.930
134.000   6.000 5   218.176    -5.840
135.000   8.000 4   249.837   -18.230
139.000   8.000 5   226.331    70.380
139.000  10.000 4   248.939    12.050
144.000  10.000 5   340.284    12.930
143.000  12.000 4   335.329    -5.590
149.000  12.000 5   519.454    43.570
154.000  14.000 5   527.225    18.410
159.000  16.000 5   562.252    43.930
164.000  18.000 5   460.117    -2.790
169.000  20.000 5   481.738    20.540
118.000   2.000 1    47.746    -4.250
119.000   2.000 2    33.495     0.740
120.000   2.000 3    37.111     1.270
121.000   2.000 4    72.110     0.050
122.000   2.000 5    84.702     0.830
121.000   4.000 2    86.520     2.930
123.000   4.000 3   114.934     0.570
125.000   4.000 4   156.602    -0.630
127.000   4.000 5   196.691    11.990
126.000   6.000 3   194.982     4.920
129.000   6.000 4   260.667     1.390
132.000   6.000 5   266.456    -2.780
133.000   8.000 4   242.360    -0.850
137.000   8.000 5   286.689     1.710
137.000  10.000 4   281.888     0.820
142.000  10.000 5   343.873   -35.740
141.000  12.000 4   326.394    31.600
147.000  12.000 5   490.454    -7.510
152.000  14.000 5   517.223   -27.630
157.000  16.000 5   570.538   -77.850
162.000  18.000 5   429.919   -45.050
167.000  20.000 5   550.733    63.080
116.000   2.000 1    60.259     0.460
117.000   2.000 2    42.806     1.610
118.000   2.000 3    38.221    -2.120
119.000   2.000 4    49.185     4.200
120.000   2.000 5    96.771    -6.230
119.000   4.000 2    70.959     2.120
121.000   4.000 3   122.609     1.110
123.000   4.000 4   162.694     4.140
125.000   4.000 5   206.819     0.410
124.000   6.000 3   200.136     3.530
127.000   6.000 4   263.806     6.720
130.000   6.000 5   308.578    -6.480
131.000   8.000 4   278.231     9.280
135.000   8.000 5   282.910    -0.020
135.000  10.000 4   286.917     8.700
140.000  10.000 5   337.929    28.230
139.000  12.000 4   330.090    19.750
145.000  12.000 5   475.112     8.780
150.000  14.000 5   539.168     2.930
155.000  16.000 5   543.885    52.830
160.000  18.000 5   513.829   -54.500
165.000  20.000 5   509.328   101.270
114.000   2.000 1    62.974     2.190
115.000   2.000 2    48.903     1.500
116.000   2.000 3    39.291     0.830
117.000   2.000 4    40.597    -0.020
118.000   2.000 5    56.947     0.140
117.000   4.000 2    49.395     2.590
119.000   4.000 3   124.718     2.580
121.000   4.000 4   154.551     6.820
123.000   4.000 5   203.533    -3.800
122.000   6.000 3   190.092     0.520
125.000   6.000 4   250.687    -2.730
128.000   6.000 5   316.130     2.220
129.000   8.000 4   297.172     3.550
133.000   8.000 5   265.535   -14.150
133.000  10.000 4   270.668    18.200
138.000  10.000 5   317.174    24.710
137.000  12.000 4   319.310   -30.530
143.000  12.000 5   424.009   -21.980
148.000  14.000 5   514.415     9.010
153.000  16.000 5   586.815    36.070
158.000  18.000 5   544.990    -0.020
163.000  20.000 5   495.711    -5.990
112.000   2.000 1    85.899     1.190
113.000   2.000 2    57.802     4.120
114.000   2.000 3    46.060     5.210
115.000   2.000 4    40.638     2.470
116.000   2.000 5    46.212    -5.600
115.000   4.000 2    42.678     0.620
117.000   4.000 3    93.345    -0.860
119.000   4.000 4   148.118     2.300
121.000   4.000 5   187.821     3.680
120.000   6.000 3   181.286    -2.400
123.000   6.000 4   243.673     4.460
126.000   6.000 5   296.920    -8.210
127.000   8.000 4   310.372    -2.550
131.000   8.000 5   286.356    -8.880
131.000  10.000 4   267.234     8.040
136.000  10.000 5   315.986    23.530
135.000  12.000 4   279.961    12.910
141.000  12.000 5   426.328    23.990
146.000  14.000 5   554.085   -23.620
151.000  16.000 5   571.330     3.990
156.000  18.000 5   499.626    32.560
161.000  20.000 5   445.783    62.840
110.000   2.000 1    69.588     2.010
111.000   2.000 2    51.415     0.160
112.000   2.000 3    41.363     4.610
113.000   2.000 4    40.147     5.690
114.000   2.000 5    39.481     0.630
113.000   4.000 2    42.293     1.260
115.000   4.000 3    60.562    -4.980
117.000   4.000 4   147.539     2.220
119.000   4.000 5   174.597     2.390
118.000   6.000 3   174.412     6.080
121.000   6.000 4   237.941     7.350
124.000   6.000 5   287.099   -12.640
125.000   8.000 4   327.488    10.100
129.000   8.000 5   275.505    14.500
129.000  10.000 4   312.303     9.890
134.000  10.000 5   266.436     7.920
133.000  12.000 4   329.846    -8.310
139.000  12.000 5   410.281   -26.800
144.000  14.000 5   577.886     9.480
149.000  16.000 5   541.362   -88.870
154.000  18.000 5   582.159    60.240
159.000  20.000 5   453.660     1.020
108.000   2.000 1    69.696     0.290
109.000   2.000 2    43.547     2.630
110.000   2.000 3    44.581     5.620
111.000   2.000 4    42.338     1.800
112.000   2.000 5    45.717    -2.630
111.000   4.000 2    46.305     0.930
113.000   4.000 3    54.830     4.470
115.000   4.000 4   120.933    -7.280
117.000   4.000 5   182.884    -1.330
116.000   6.000 3   191.012     2.710
119.000   6.000 4   251.605    -1.100
122.000   6.000 5   303.444    10.580
123.000   8.000 4   343.264    -5.300
127.000   8.000 5   319.760    21.470
127.000  10.000 4   319.583   -16.240
132.000  10.000 5   335.534    12.030
131.000  12.000 4   312.995     4.410
137.000  12.000 5   377.197    19.540
142.000  14.000 5   561.843    42.150
147.000  16.000 5   602.997    16.890
152.000  18.000 5   562.304   -92.590
157.000  20.000 5   447.577   -60.640
162.000  22.000 5   500.791   -68.940
106.000   2.000 1    48.279     8.380
107.000   2.000 2    36.138     7.780
108.000   2.000 3    40.681     3.400
109.000   2.000 4    48.673    -1.660
110.000   2.000 5    48.546     0.380
109.000   4.000 2    54.306     2.600
111.000   4.000 3    61.424     3.420
113.000   4.000 4    88.064     1.610
115.000   4.000 5   204.270    -8.950
114.000   6.000 3   174.717     3.650
117.000   6.000 4   259.843     2.260
120.000   6.000 5   319.554     8.160
121.000   8.000 4   357.306     1.380
125.000   8.000 5   364.068    10.670
125.000  10.000 4   357.293    11.570
130.000  10.000 5   329.814   -24.760
129.000  12.000 4   323.246   -12.460
135.000  12.000 5   403.457    21.490
140.000  14.000 5   573.592     6.970
145.000  16.000 5   621.670    10.660
150.000  18.000 5   574.654    24.740
155.000  20.000 5   568.783   -20.390
160.000  22.000 5   543.207   -24.580
104.000   2.000 1    37.449    -0.130
105.000   2.000 2    38.068     1.310
106.000   2.000 3    44.480    -0.260
107.000   2.000 4    53.625     1.050
108.000   2.000 5    64.054    -0.020
107.000   4.000 2    62.185     1.690
109.000   4.000 3    71.574     2.230
111.000   4.000 4    83.110    -0.940
113.000   4.000 5   175.141    12.160
112.000   6.000 3   146.009     0.100
115.000   6.000 4   268.231    -6.110
118.000   6.000 5   340.506     0.640
119.000   8.000 4   359.646    10.260
123.000   8.000 5   403.995    16.970
123.000  10.000 4   399.422    -1.930
128.000  10.000 5   339.163    -1.440
127.000  12.000 4   342.622     9.450
133.000  12.000 5   403.987    27.830
138.000  14.000 5   546.049    17.350
143.000  16.000 5   661.159    13.360
148.000  18.000 5   675.332   -44.730
153.000  20.000 5   614.384   -77.310
158.000  22.000 5   547.314   -96.950
102.000   2.000 1    32.199     6.930
103.000   2.000 2    39.592     2.730
104.000   2.000 3    47.503     3.110
105.000   2.000 4    56.300    -0.190
106.000   2.000 5    65.246     0.890
105.000   4.000 2    64.125     1.390
107.000   4.000 3    81.422     3.080
109.000   4.000 4    87.887    -0.150
111.000   4.000 5   119.354    -1.130
110.000   6.000 3   106.335     2.540
113.000   6.000 4   269.310    -3.790
116.000   6.000 5   327.075     8.010
117.000   8.000 4   364.505    -1.570
121.000   8.000 5   429.835    13.750
121.000  10.000 4   428.579     1.040
126.000  10.000 5   329.280    16.310
125.000  12.000 4   351.068    21.220
131.000  12.000 5   404.312     3.940
136.000  14.000 5   551.397     9.210
141.000  16.000 5   704.480    19.010
146.000  18.000 5   686.910     0.190
151.000  20.000 5   645.352   -71.810
156.000  22.000 5   558.142   -87.430
100.000   2.000 1    35.746     4.580
101.000   2.000 2    40.648     1.500
102.000   2.000 3    53.424     1.600
103.000   2.000 4    60.092     1.910
104.000   2.000 5    67.962     8.480
103.000   4.000 2    62.914     4.730
105.000   4.000 3    81.168     2.970
107.000   4.000 4    87.515     2.170
109.000   4.000 5    96.838    -1.060
108.000   6.000 3    97.834     1.790
111.000   6.000 4   226.441     7.530
114.000   6.000 5   315.382    -1.740
115.000   8.000 4   366.116   -12.840
119.000   8.000 5   427.767    22.390
119.000  10.000 4   442.018   -14.800
124.000  10.000 5   405.572   -12.170
123.000  12.000 4   430.589     1.930
129.000  12.000 5   342.006   -17.940
134.000  14.000 5   530.246   -14.950
139.000  16.000 5   733.298    25.340
144.000  18.000 5   770.167     7.760
149.000  20.000 5   714.466   -14.790
154.000  22.000 5   608.143   -46.280
 98.000   2.000 1    29.164   -14.920
 99.000   2.000 2    36.945     3.670
100.000   2.000 3    43.983     1.570
101.000   2.000 4    54.911     1.410
102.000   2.000 5    59.863     0.600
101.000   4.000 2    62.760     2.100
103.000   4.000 3    77.194     1.320
105.000   4.000 4    91.138     2.730
107.000   4.000 5    94.601     1.370
106.000   6.000 3    98.929     2.440
109.000   6.000 4   178.866     5.020
112.000   6.000 5   311.796     6.680
113.000   8.000 4   360.192     9.030
117.000   8.000 5   438.285    11.640
117.000  10.000 4   457.121    11.160
122.000  10.000 5   405.974    26.810
121.000  12.000 4   437.022    -9.920
127.000  12.000 5   419.916     0.040
132.000  14.000 5   532.472    -8.520
137.000  16.000 5   751.105   -38.270
142.000  18.000 5   745.788    40.890
147.000  20.000 5   717.448     9.450
152.000  22.000 5   557.634    19.700
 96.000   2.000 1    34.425    -9.490
 97.000   2.000 2    37.511     4.760
 98.000   2.000 3    50.619     1.340
 99.000   2.000 4    58.805     1.900
100.000   2.000 5    70.997     1.210
 99.000   4.000 2    68.225     2.060
101.000   4.000 3    83.920     1.960
103.000   4.000 4   104.704    -0.270
105.000   4.000 5   108.822     8.850
104.000   6.000 3   115.997     6.290
107.000   6.000 4   140.849     2.100
110.000   6.000 5   339.406     2.920
111.000   8.000 4   383.098    -6.190
115.000   8.000 5   468.966    -9.100
115.000  10.000 4   499.472    10.000
120.000  10.000 5   474.230    -0.990
119.000  12.000 4   498.886     7.780
125.000  12.000 5   433.430    15.760
130.000  14.000 5   518.119    12.160
135.000  16.000 5   734.670    41.210
140.000  18.000 5   784.620    12.910
145.000  20.000 5   776.164     7.070
150.000  22.000 5   686.302    -9.390
155.000  24.000 5   648.545   -59.400
 94.000   2.000 1    35.466    16.390
 95.000   2.000 2    42.563     6.200
 96.000   2.000 3    51.925     0.560
 97.000   2.000 4    65.547    -0.260
 98.000   2.000 5    71.965     2.710
 97.000   4.000 2    71.743     2.740
 99.000   4.000 3    88.806     1.910
101.000   4.000 4   105.971     1.990
103.000   4.000 5   123.750     1.790
102.000   6.000 3   126.580     3.060
105.000   6.000 4   140.008     1.490
108.000   6.000 5   312.916    11.500
109.000   8.000 4   413.556     5.370
113.000   8.000 5   501.963     1.790
113.000  10.000 4   534.144    12.030
118.000  10.000 5   548.681   -12.350
117.000  12.000 4   575.023    17.730
123.000  12.000 5   457.339   -23.820
128.000  14.000 5   526.828   -11.550
133.000  16.000 5   737.161     3.420
138.000  18.000 5   882.139   -20.330
143.000  20.000 5   807.093   -67.210
148.000  22.000 5   673.675    90.230
153.000  24.000 5   612.793    80.050
 92.000   2.000 1    36.437     4.910
 93.000   2.000 2    45.241     3.100
 94.000   2.000 3    54.179     6.980
 95.000   2.000 4    63.921    -0.460
 96.000   2.000 5    76.029     3.840
 95.000   4.000 2    74.240     1.250
 97.000   4.000 3    91.965     1.420
 99.000   4.000 4   107.299     1.320
101.000   4.000 5   135.087     0.940
100.000   6.000 3   135.503     2.030
103.000   6.000 4   152.170     0.510
106.000   6.000 5   263.436    -2.550
107.000   8.000 4   389.094     3.160
111.000   8.000 5   523.317     5.230
111.000  10.000 4   556.801     8.190
116.000  10.000 5   623.990    -8.940
115.000  12.000 4   629.047   -10.420
121.000  12.000 5   492.545    26.170
126.000  14.000 5   573.656    28.790
131.000  16.000 5   706.159    -1.870
136.000  18.000 5   813.191    15.760
141.000  20.000 5   762.323    32.090
146.000  22.000 5   693.704    -7.530
151.000  24.000 5   621.802    89.710
 90.000   2.000 1    37.451     0.240
 91.000   2.000 2    54.271     2.130
 92.000   2.000 3    61.565    -0.250
 93.000   2.000 4    69.821    -4.510
 94.000   2.000 5    79.336     2.790
 93.000   4.000 2    78.927     1.610
 95.000   4.000 3    99.540     1.740
 97.000   4.000 4   115.168     3.640
 99.000   4.000 5   140.545     4.690
 98.000   6.000 3   138.038     2.860
101.000   6.000 4   178.499     1.960
104.000   6.000 5   210.928     1.200
105.000   8.000 4   357.246     0.500
109.000   8.000 5   561.054    12.430
109.000  10.000 4   589.233     6.920
114.000  10.000 5   667.856    -4.150
113.000  12.000 4   683.900     0.760
119.000  12.000 5   539.111    -6.800
124.000  14.000 5   481.660   -32.100
129.000  16.000 5   736.369   -22.740
134.000  18.000 5   831.930    44.380
139.000  20.000 5   797.856    55.810
144.000  22.000 5   717.435     3.920
149.000  24.000 5   590.119   -59.460
 88.000   2.000 1    36.020    -2.110
 89.000   2.000 2    55.359     1.510
 90.000   2.000 3    72.677     0.650
 91.000   2.000 4    75.773    -1.710
 92.000   2.000 5    83.997    -3.910
 91.000   4.000 2    83.535     2.270
 93.000   4.000 3   104.800     2.840
 95.000   4.000 4   121.255     4.850
 97.000   4.000 5   141.608     3.630
 96.000   6.000 3   144.158     4.480
 99.000   6.000 4   194.695     0.460
102.000   6.000 5   210.852     2.700
103.000   8.000 4   308.403     2.150
107.000   8.000 5   588.156     2.970
107.000  10.000 4   613.451     1.920
112.000  10.000 5   702.248    19.430
111.000  12.000 4   717.766    -6.220
117.000  12.000 5   665.448   -16.040
122.000  14.000 5   577.027     8.870
127.000  16.000 5   696.669     0.290
132.000  18.000 5   797.124    17.330
137.000  20.000 5   839.433   -19.300
142.000  22.000 5   736.652   -35.090
147.000  24.000 5   604.781   -29.690
 86.000   2.000 1    35.195     4.550
 87.000   2.000 2    52.454     2.120
 88.000   2.000 3    73.069     0.910
 89.000   2.000 4    87.841     2.210
 90.000   2.000 5    87.655    -1.410
 89.000   4.000 2    95.421     2.250
 91.000   4.000 3   109.369     2.300
 93.000   4.000 4   129.907     5.950
 95.000   4.000 5   146.593     1.930
 94.000   6.000 3   144.782     5.270
 97.000   6.000 4   201.001     1.060
100.000   6.000 5   223.828     0.690
101.000   8.000 4   260.760     2.750
105.000   8.000 5   613.199     0.750
105.000  10.000 4   642.566    -0.280
110.000  10.000 5   739.127   -10.870
109.000  12.000 4   722.249    -6.250
115.000  12.000 5   641.792    22.960
120.000  14.000 5   531.964    -7.220
125.000  16.000 5   618.018    -2.770
130.000  18.000 5   792.065     6.540
135.000  20.000 5   834.155   -62.530
140.000  22.000 5   742.240   -38.700
145.000  24.000 5   635.926   -67.600
 84.000   2.000 1    36.895     1.810
 85.000   2.000 2    54.625     1.340
 86.000   2.000 3    74.379     1.900
 87.000   2.000 4    95.383     0.870
 88.000   2.000 5   108.711     3.000
 87.000   4.000 2   104.154     3.580
 89.000   4.000 3   113.066     1.030
 91.000   4.000 4   135.171     3.970
 93.000   4.000 5   150.752     3.220
 92.000   6.000 3   151.728    -0.660
 95.000   6.000 4   192.539     2.640
 98.000   6.000 5   249.621     3.870
 99.000   8.000 4   259.855     4.400
103.000   8.000 5   564.221     4.300
103.000  10.000 4   577.622    -0.610
108.000  10.000 5   738.144     3.280
107.000  12.000 4   709.274    -0.800
113.000  12.000 5   665.060    -3.670
118.000  14.000 5   523.420   -25.870
123.000  16.000 5   566.211   -38.500
128.000  18.000 5   777.352    36.710
133.000  20.000 5   824.035   -13.510
138.000  22.000 5   824.825     5.190
143.000  24.000 5   716.202    92.700
148.000  26.000 5   629.004    14.340
 82.000   2.000 1    33.371    -8.850
 83.000   2.000 2    52.251     2.200
 84.000   2.000 3    70.413     1.320
 85.000   2.000 4    87.565     3.960
 86.000   2.000 5   106.352     4.190
 85.000   4.000 2   101.218     3.620
 87.000   4.000 3   121.555     1.510
 89.000   4.000 4   133.287     3.290
 91.000   4.000 5   152.908     5.110
 90.000   6.000 3   155.797    -0.340
 93.000   6.000 4   188.090     5.040
 96.000   6.000 5   259.584     0.320
 97.000   8.000 4   269.998     0.630
101.000   8.000 5   473.800    -0.200
101.000  10.000 4   481.282     2.980
106.000  10.000 5   699.978   -10.780
105.000  12.000 4   664.537    -4.380
111.000  12.000 5   663.999   -15.980
116.000  14.000 5   513.574     9.410
121.000  16.000 5   549.997    -0.060
126.000  18.000 5   719.104     8.650
131.000  20.000 5   786.232    30.090
136.000  22.000 5   790.122   -58.190
141.000  24.000 5   705.863   -10.630
146.000  26.000 5   592.742   -66.390
 80.000   2.000 1    31.114    -0.690
 81.000   2.000 2    46.250     1.220
 82.000   2.000 3    70.415     0.970
 83.000   2.000 4    88.671     0.480
 84.000   2.000 5   105.204     2.620
 83.000   4.000 2   105.402     0.920
 85.000   4.000 3   138.727     2.220
 87.000   4.000 4   141.109     1.270
 89.000   4.000 5   164.480     2.020
 88.000   6.000 3   158.677     2.710
 91.000   6.000 4   180.331     2.470
 94.000   6.000 5   252.119     1.410
 95.000   8.000 4   262.898     3.340
 99.000   8.000 5   369.414     3.040
 99.000  10.000 4   398.329     7.510
104.000  10.000 5   662.077     8.830
103.000  12.000 4   650.378    -0.560
109.000  12.000 5   680.901     0.500
114.000  14.000 5   525.480    -1.930
119.000  16.000 5   451.586   -34.850
124.000  18.000 5   695.187   -34.610
129.000  20.000 5   803.095   -50.080
134.000  22.000 5   832.982     5.300
139.000  24.000 5   753.285     8.660
144.000  26.000 5   680.412    24.960
 78.000   2.000 1    32.235    -2.600
 79.000   2.000 2    48.298     3.540
 80.000   2.000 3    71.317     2.660
 81.000   2.000 4    99.012     0.720
 82.000   2.000 5   117.150     0.520
 81.000   4.000 2   109.062     1.770
 83.000   4.000 3   140.628     5.310
 85.000   4.000 4   152.398     0.050
 87.000   4.000 5   161.722     0.650
 86.000   6.000 3   150.151     2.090
 89.000   6.000 4   173.842     2.690
 92.000   6.000 5   212.693     1.690
 93.000   8.000 4   241.911     6.410
 97.000   8.000 5   276.165     1.850
 97.000  10.000 4   329.792     1.100
102.000  10.000 5   618.224    -0.210
101.000  12.000 4   636.123     8.010
107.000  12.000 5   696.553    -5.970
112.000  14.000 5   556.449    33.600
117.000  16.000 5   553.227    -7.290
122.000  18.000 5   663.896    -9.190
127.000  20.000 5   778.421    -5.460
132.000  22.000 5   835.188     4.780
137.000  24.000 5   698.833    90.470
142.000  26.000 5   668.936    19.900
 76.000   2.000 1    34.814    -4.570
 77.000   2.000 2    43.380     2.450
 78.000   2.000 3    64.168     2.450
 79.000   2.000 4    85.165     1.600
 80.000   2.000 5   109.333    -2.230
 79.000   4.000 2    94.530     2.210
 81.000   4.000 3   125.482     1.810
 83.000   4.000 4   146.199     0.140
 85.000   4.000 5   139.866    -0.210
 84.000   6.000 3   141.737     1.840
 87.000   6.000 4   156.208     1.530
 90.000   6.000 5   176.984     5.680
 91.000   8.000 4   213.534     5.410
 95.000   8.000 5   242.049     6.540
 95.000  10.000 4   269.877     0.640
100.000  10.000 5   595.575     1.120
 99.000  12.000 4   575.516     7.650
105.000  12.000 5   688.969    11.590
110.000  14.000 5   685.378     0.610
115.000  16.000 5   552.277    33.660
120.000  18.000 5   660.262    13.020
125.000  20.000 5   783.210     6.440
130.000  22.000 5   797.103    22.870
135.000  24.000 5   728.964   -18.030
140.000  26.000 5   667.513    11.970
 74.000   2.000 1    33.140   -14.450
 75.000   2.000 2    41.777     4.530
 76.000   2.000 3    50.953     3.620
 77.000   2.000 4    69.813    -0.090
 78.000   2.000 5    87.136    -1.790
 77.000   4.000 2    78.675     1.850
 79.000   4.000 3   112.793     0.260
 81.000   4.000 4   130.475     3.540
 83.000   4.000 5   133.955     2.970
 82.000   6.000 3   146.781    -0.520
 85.000   6.000 4   156.690     8.230
 88.000   6.000 5   170.196     1.950
 89.000   8.000 4   207.879     2.000
 93.000   8.000 5   256.901     2.050
 93.000  10.000 4   276.821     1.550
 98.000  10.000 5   565.531    -7.330
 97.000  12.000 4   538.380    -4.070
103.000  12.000 5   717.113    17.190
108.000  14.000 5   647.703    28.050
113.000  16.000 5   563.012    25.480
118.000  18.000 5   636.227    -0.220
123.000  20.000 5   747.083     1.660
128.000  22.000 5   776.478    42.390
133.000  24.000 5   719.448    76.870
138.000  26.000 5   649.348    25.940
 72.000   2.000 1    30.692    10.260
 73.000   2.000 2    37.591    -0.310
 74.000   2.000 3    49.097     0.760
 75.000   2.000 4    57.585    -1.450
 76.000   2.000 5    76.036     3.280
 75.000   4.000 2    75.193     0.100
 77.000   4.000 3   116.258     3.790
 79.000   4.000 4   140.704     1.110
 81.000   4.000 5   158.289    -2.750
 80.000   6.000 3   173.805    -2.420
 83.000   6.000 4   175.256     4.800
 86.000   6.000 5   197.964    -0.820
 87.000   8.000 4   225.905     0.530
 91.000   8.000 5   292.484     3.460
 91.000  10.000 4   307.146     5.330
 96.000  10.000 5   544.281     8.300
 95.000  12.000 4   507.463    -1.580
101.000  12.000 5   788.752     4.030
106.000  14.000 5   734.940     0.500
111.000  16.000 5   575.130     1.320
116.000  18.000 5   622.760    -1.750
121.000  20.000 5   801.472     2.490
126.000  22.000 5   895.262    63.710
131.000  24.000 5   807.927    30.220
136.000  26.000 5   648.318     8.120
141.000  28.000 5   641.700   -54.150
 70.000   2.000 1    29.080     1.300
 71.000   2.000 2    36.586     5.030
 72.000   2.000 3    56.508    -3.380
 73.000   2.000 4    71.585     5.930
 74.000   2.000 5    83.508    -0.600
 73.000   4.000 2    89.113     1.690
 75.000   4.000 3   138.292    -0.250
 77.000   4.000 4   180.933     2.370
 79.000   4.000 5   201.752     4.360
 78.000   6.000 3   214.002     3.050
 81.000   6.000 4   219.260     0.720
 84.000   6.000 5   237.500     3.420
 85.000   8.000 4   258.534     5.070
 89.000   8.000 5   330.057    -1.650
 89.000  10.000 4   344.261     0.650
 94.000  10.000 5   514.883    -1.870
 93.000  12.000 4   499.492     2.540
 99.000  12.000 5   826.697    13.350
104.000  14.000 5   820.551   -12.480
109.000  16.000 5   618.799     7.440
114.000  18.000 5   469.534    12.600
119.000  20.000 5   819.271    16.620
124.000  22.000 5   938.210    -2.540
129.000  24.000 5   857.818   -31.430
134.000  26.000 5   735.130    14.400
139.000  28.000 5   580.168   -32.510
 68.000   2.000 1    34.565   -11.790
 69.000   2.000 2    43.489     2.510
 70.000   2.000 3    56.561     3.910
 71.000   2.000 4    85.838     0.200
 72.000   2.000 5   105.048     2.550
 71.000   4.000 2   104.307     1.900
 73.000   4.000 3   150.251     3.760
 75.000   4.000 4   211.212     5.450
 77.000   4.000 5   240.186    -0.790
 76.000   6.000 3   247.137     4.230
 79.000   6.000 4   262.888     0.820
 82.000   6.000 5   272.999    -0.810
 83.000   8.000 4   288.528    -2.440
 87.000   8.000 5   348.197     1.080
 87.000  10.000 4   362.085     5.510
 92.000  10.000 5   482.319    -3.360
 91.000  12.000 4   468.101     1.710
 97.000  12.000 5   869.519     7.970
102.000  14.000 5   872.487    14.140
107.000  16.000 5   688.182   -29.170
112.000  18.000 5   654.206    43.930
117.000  20.000 5   778.091    25.450
122.000  22.000 5   881.169     3.660
127.000  24.000 5   927.692   -38.030
132.000  26.000 5   827.139  -105.760
137.000  28.000 5   640.647    89.930
 66.000   2.000 1    42.707     1.350
 67.000   2.000 2    53.898     3.810
 68.000   2.000 3    62.264     1.370
 69.000   2.000 4    78.331     3.370
 70.000   2.000 5   115.170     2.420
 69.000   4.000 2   100.657     1.210
 71.000   4.000 3   154.361     0.610
 73.000   4.000 4   216.740    -2.370
 75.000   4.000 5   263.551    -1.120
 74.000   6.000 3   259.276     2.750
 77.000   6.000 4   290.604     0.710
 80.000   6.000 5   277.746     5.330
 81.000   8.000 4   299.907    -0.970
 85.000   8.000 5   344.751     0.060
 85.000  10.000 4   362.714     3.320
 90.000  10.000 5   426.175     2.720
 89.000  12.000 4   426.413     0.670
 95.000  12.000 5   895.004     4.250
100.000  14.000 5   934.481   -13.690
105.000  16.000 5   711.658    36.300
110.000  18.000 5   624.150    20.380
115.000  20.000 5   729.020    23.290
120.000  22.000 5   774.417     8.680
125.000  24.000 5   798.828     5.880
130.000  26.000 5   696.947    62.810
135.000  28.000 5   671.570    91.130
 64.000   2.000 1    54.623     0.030
 65.000   2.000 2    70.863     0.380
 66.000   2.000 3    75.169     2.950
 67.000   2.000 4    80.474     1.160
 68.000   2.000 5    99.060    -0.080
 67.000   4.000 2    93.601     0.930
 69.000   4.000 3   156.951     2.310
 71.000   4.000 4   203.990    -0.950
 73.000   4.000 5   264.678     0.500
 72.000   6.000 3   255.522     3.550
 75.000   6.000 4   297.828     5.290
 78.000   6.000 5   294.070    -0.550
 79.000   8.000 4   298.891     2.470
 83.000   8.000 5   333.546     4.450
 83.000  10.000 4   343.906     1.100
 88.000  10.000 5   418.232     3.940
 87.000  12.000 4   418.605     4.910
 93.000  12.000 5   830.339     7.400
 98.000  14.000 5   911.113    13.270
103.000  16.000 5   856.473   -16.910
108.000  18.000 5   603.641    -0.890
113.000  20.000 5   695.413    -6.680
118.000  22.000 5   840.268     9.520
123.000  24.000 5   927.170    66.060
128.000  26.000 5   800.106    68.130
133.000  28.000 5   704.226   -63.100
 62.000   2.000 1    54.070     2.030
 63.000   2.000 2    86.884     3.600
 64.000   2.000 3    94.588     4.780
 65.000   2.000 4    93.430     1.350
 66.000   2.000 5    96.286     2.110
 65.000   4.000 2   101.314     2.610
 67.000   4.000 3   142.514     5.010
 69.000   4.000 4   195.637     3.410
 71.000   4.000 5   257.893     1.780
 70.000   6.000 3   238.980    -0.570
 73.000   6.000 4   301.821     0.160
 76.000   6.000 5   307.172    -3.690
 77.000   8.000 4   301.997    -3.530
 81.000   8.000 5   322.352     4.910
 81.000  10.000 4   334.259     1.130
 86.000  10.000 5   426.558    -0.770
 85.000  12.000 4   404.101     4.780
 91.000  12.000 5   711.254     7.610
 96.000  14.000 5   853.045   -15.360
101.000  16.000 5   723.312    12.550
106.000  18.000 5   612.073    30.310
111.000  20.000 5   695.004     4.060
116.000  22.000 5   843.432    -1.170
121.000  24.000 5   958.805   -63.730
126.000  26.000 5   812.559    89.420
131.000  28.000 5   712.007  -108.500
 60.000   2.000 1    55.455    -0.180
 61.000   2.000 2    89.923     1.260
 62.000   2.000 3   119.717     1.000
 63.000   2.000 4   120.317    -2.220
 64.000   2.000 5   112.477     5.340
 63.000   4.000 2   121.484     1.440
 65.000   4.000 3   125.331     0.280
 67.000   4.000 4   190.536     1.180
 69.000   4.000 5   232.551     5.410
 68.000   6.000 3   222.130     2.340
 71.000   6.000 4   297.665    -4.450
 74.000   6.000 5   314.955     7.920
 75.000   8.000 4   313.192     0.360
 79.000   8.000 5   324.341     3.340
 79.000  10.000 4   309.559     1.640
 84.000  10.000 5   405.789     3.170
 83.000  12.000 4   368.534    -4.440
 89.000  12.000 5   585.797    -7.760
 94.000  14.000 5   815.961     7.400
 99.000  16.000 5   786.931    18.870
104.000  18.000 5   629.387     1.110
109.000  20.000 5   362.471   -69.130
114.000  22.000 5   814.114    37.490
119.000  24.000 5   956.699   -19.580
124.000  26.000 5   742.506   -92.820
129.000  28.000 5   701.662   -47.650
134.000  30.000 5   772.463   -14.780
 58.000   2.000 1    56.503     5.320
 59.000   2.000 2    86.433     1.930
 60.000   2.000 3   114.995     2.160
 61.000   2.000 4   138.817     1.650
 62.000   2.000 5   132.299     1.510
 61.000   4.000 2   133.408     2.380
 63.000   4.000 3   120.014    -0.320
 65.000   4.000 4   162.531    -1.940
 67.000   4.000 5   214.860     6.620
 66.000   6.000 3   212.345     0.960
 69.000   6.000 4   289.156     3.610
 72.000   6.000 5   319.531     0.880
 73.000   8.000 4   301.888     1.050
 77.000   8.000 5   302.691     8.910
 77.000  10.000 4   285.642     0.870
 82.000  10.000 5   349.705    -1.550
 81.000  12.000 4   335.646    -0.090
 87.000  12.000 5   496.115    -9.050
 92.000  14.000 5   830.055    -0.490
 97.000  16.000 5   828.595     0.460
102.000  18.000 5   640.977     7.650
107.000  20.000 5   626.180    35.510
112.000  22.000 5   847.177   -12.250
117.000  24.000 5   885.496   -77.370
127.000  28.000 5   790.829   -22.750
132.000  30.000 5   633.682    -1.870
 56.000   2.000 1    43.462    -6.290
 57.000   2.000 2    66.393     1.370
 58.000   2.000 3    87.765    -0.060
 59.000   2.000 4   110.976     2.370
 60.000   2.000 5   129.234     0.850
 59.000   4.000 2   127.485     1.660
 61.000   4.000 3   132.159     1.090
 63.000   4.000 4   136.138    -0.690
 65.000   4.000 5   214.978     1.170
 64.000   6.000 3   178.878     3.910
 67.000   6.000 4   254.790    11.740
 70.000   6.000 5   303.127     4.730
 71.000   8.000 4   282.047     7.680
 75.000   8.000 5   269.399     5.900
 75.000  10.000 4   264.712    -0.630
 80.000  10.000 5   317.418     0.170
 79.000  12.000 4   330.841     6.920
 85.000  12.000 5   458.003     5.390
 90.000  14.000 5   862.604   -10.900
 95.000  16.000 5   887.126     1.530
100.000  18.000 5   728.212     6.900
105.000  20.000 5   642.687     6.690
110.000  22.000 5 17764.619    48.350
115.000  24.000 5   949.448   -10.290
120.000  26.000 5   990.008   -52.390
125.000  28.000 5   817.023    87.730
130.000  30.000 5   735.531    75.260
 54.000   2.000 1    39.451    -0.250
 55.000   2.000 2    65.354     1.200
 56.000   2.000 3    89.743     1.390
 57.000   2.000 4   112.142     1.770
 58.000   2.000 5   136.913     1.150
 57.000   4.000 2   116.325     1.850
 59.000   4.000 3   141.878     3.820
 61.000   4.000 4   126.541     3.090
 63.000   4.000 5   170.771    -7.930
 62.000   6.000 3   138.072     0.830
 65.000   6.000 4   209.205    -2.680
 68.000   6.000 5   260.166    -5.830
 69.000   8.000 4   259.101    -0.100
 73.000   8.000 5   251.396    -2.880
 73.000  10.000 4   278.438     1.330
 78.000  10.000 5   315.116     1.700
 77.000  12.000 4   332.945     1.680
 83.000  12.000 5   441.536    -1.990
 88.000  14.000 5   861.736   -19.130
 93.000  16.000 5   930.532   -11.420
 98.000  18.000 5   750.039    31.590
103.000  20.000 5   651.607    34.570
108.000  22.000 5   785.013    31.630
113.000  24.000 5   949.511    33.470
118.000  26.000 5  1038.380    12.410
123.000  28.000 5   922.427   -21.170
128.000  30.000 5   686.685    78.460
 52.000   2.000 1    35.942    -7.710
 53.000   2.000 2    50.415     1.500
 54.000   2.000 3    69.420     0.300
 55.000   2.000 4    85.533    -1.470
 56.000   2.000 5   101.063     0.720
 55.000   4.000 2    84.732     1.340
 57.000   4.000 3   112.530     1.020
 59.000   4.000 4   105.978     0.440
 61.000   4.000 5   104.866    -3.020
 60.000   6.000 3   104.821     9.410
 63.000   6.000 4   159.976    -2.620
 66.000   6.000 5   207.864     0.550
 67.000   8.000 4   252.005    -1.150
 71.000   8.000 5   260.838    10.620
 71.000  10.000 4   285.805     1.020
 76.000  10.000 5   317.279     5.430
 75.000  12.000 4   336.288     1.600
 81.000  12.000 5   460.695    -3.880
 86.000  14.000 5   830.563    -1.700
 91.000  16.000 5   986.139   -27.750
 96.000  18.000 5  1131.412     3.290
101.000  20.000 5   663.323    14.780
106.000  22.000 5   746.187    12.140
111.000  24.000 5   970.570   -38.760
116.000  26.000 5  1027.796   -87.080
121.000  28.000 5   831.044   -87.360
126.000  30.000 5   773.136    11.080
 50.000   2.000 1    27.370     2.750
 51.000   2.000 2    38.139     1.150
 52.000   2.000 3    45.985     1.280
 53.000   2.000 4    59.032    -1.670
 54.000   2.000 5    69.167     4.100
 53.000   4.000 2    67.480     4.460
 55.000   4.000 3    93.811     2.930
 57.000   4.000 4   109.036     6.090
 59.000   4.000 5    91.869    -0.170
 58.000   6.000 3   122.187     4.010
 61.000   6.000 4   162.670     8.300
 64.000   6.000 5   220.594   -18.700
 65.000   8.000 4   275.203    -6.590
 69.000   8.000 5   293.138    -5.460
 69.000  10.000 4   326.139     0.670
 74.000  10.000 5   349.066    10.260
 73.000  12.000 4   360.536    -3.900
 79.000  12.000 5   511.901     5.060
 84.000  14.000 5   812.119     3.320
 89.000  16.000 5  1066.732    -0.520
 94.000  18.000 5   927.407     1.410
 99.000  20.000 5   762.020    -9.000
104.000  22.000 5   194.467   -87.380
109.000  24.000 5   975.415    49.700
114.000  26.000 5  1029.649   -12.740
119.000  28.000 5   859.639     1.630
124.000  30.000 5   971.650   -68.320
 48.000   2.000 1    24.857   -11.400
 49.000   2.000 2    33.085    -1.080
 50.000   2.000 3    44.022     3.910
 51.000   2.000 4    54.278    -3.190
 52.000   2.000 5    70.638     0.920
 51.000   4.000 2    80.185     1.570
 53.000   4.000 3   121.065     3.180
 55.000   4.000 4   165.353     2.770
 57.000   4.000 5   151.029    -2.430
 56.000   6.000 3   181.740    -0.390
 59.000   6.000 4   187.353     1.680
 62.000   6.000 5   265.550    18.680
 63.000   8.000 4   331.918     0.420
 67.000   8.000 5   382.361    -3.810
 67.000  10.000 4   389.756     9.010
 72.000  10.000 5   407.478    -9.710
 71.000  12.000 4   406.752    -4.750
 77.000  12.000 5   556.227    -4.980
 82.000  14.000 5   845.277    10.260
 87.000  16.000 5  1214.450     2.250
 92.000  18.000 5  1066.977    22.290
 97.000  20.000 5   815.946    36.380
102.000  22.000 5   798.671    21.640
107.000  24.000 5   957.491   -11.510
112.000  26.000 5  1051.605   -16.880
122.000  30.000 5   921.398   102.230
127.000  32.000 5   706.746    99.350
 46.000   2.000 1    27.755    -6.500
 47.000   2.000 2    37.339     1.940
 48.000   2.000 3    62.273     1.390
 49.000   2.000 4    82.262    -0.160
 50.000   2.000 5   103.074     1.560
 49.000   4.000 2    99.809     1.180
 51.000   4.000 3   154.863     4.430
 53.000   4.000 4   212.591     1.850
 55.000   4.000 5   237.887     3.170
 54.000   6.000 3   255.669     4.850
 57.000   6.000 4   219.974    -1.890
 60.000   6.000 5   322.840    18.340
 61.000   8.000 4   372.938     7.710
 65.000   8.000 5   444.962     1.480
 65.000  10.000 4   456.189     0.700
 70.000  10.000 5   453.838    -5.770
 69.000  12.000 4   457.406     5.870
 75.000  12.000 5   584.498    -2.940
 80.000  14.000 5   848.325    -5.610
 85.000  16.000 5  1328.135   -10.480
 90.000  18.000 5  1183.663    -6.370
 95.000  20.000 5   968.292     6.080
100.000  22.000 5   859.819    13.620
105.000  24.000 5  1083.178    33.900
110.000  26.000 5  1134.883    69.390
115.000  28.000 5  1151.487    56.740
120.000  30.000 5   949.958    15.060
125.000  32.000 5   942.924    14.750
 44.000   2.000 1    43.276    -7.390
 45.000   2.000 2    40.153     0.180
 46.000   2.000 3    51.884     2.100
 47.000   2.000 4    85.955     0.760
 48.000   2.000 5   107.244     2.230
 47.000   4.000 2   108.725     2.310
 49.000   4.000 3   164.180     0.840
 51.000   4.000 4   224.982    -1.400
 53.000   4.000 5   286.119     1.140
 52.000   6.000 3   278.593     1.940
 55.000   6.000 4   248.430     3.190
 58.000   6.000 5   313.486     6.620
 59.000   8.000 4   372.157     3.910
 63.000   8.000 5   460.437   -10.100
 63.000  10.000 4   476.117     3.340
 68.000  10.000 5   471.004     0.110
 67.000  12.000 4   494.742     4.330
 73.000  12.000 5   582.329     0.970
 78.000  14.000 5   797.267     2.910
 83.000  16.000 5  1281.510    14.480
 88.000  18.000 5  1275.173     8.140
 93.000  20.000 5   933.999    16.910
 98.000  22.000 5   860.399   -26.430
103.000  24.000 5 42491.535    11.340
108.000  26.000 5  1098.004   -57.440
113.000  28.000 5  1085.873    42.670
118.000  30.000 5  1020.853    35.460
123.000  32.000 5   870.279     3.610
 42.000   2.000 1    58.669    -3.060
 43.000   2.000 2    68.549     1.720
 44.000   2.000 3    56.833     3.670
 45.000   2.000 4    74.913    -0.260
 46.000   2.000 5   124.142     1.630
 45.000   4.000 2    98.307     1.070
 47.000   4.000 3   166.782     0.340
 49.000   4.000 4   233.306    -0.770
 51.000   4.000 5   296.239     1.420
 50.000   6.000 3   281.005     0.810
 53.000   6.000 4   300.443     0.930
 56.000   6.000 5   296.461    -0.570
 57.000   8.000 4   356.694     3.120
 61.000   8.000 5   481.796    12.090
 61.000  10.000 4   506.601     7.520
 66.000  10.000 5   514.124     6.250
 65.000  12.000 4   519.872     0.100
 71.000  12.000 5   569.488    -1.390
 76.000  14.000 5   716.107    -3.610
 81.000  16.000 5  1149.690     1.330
 86.000  18.000 5  1270.067    23.870
 91.000  20.000 5  1026.652    35.090
 96.000  22.000 5   857.874    35.410
101.000  24.000 5   965.313     3.150
106.000  26.000 5  1094.968    -0.170
111.000  28.000 5  1205.335   -15.430
116.000  30.000 5  1035.915    21.070
121.000  32.000 5   736.559   114.910
 40.000   2.000 1    49.002    -1.330
 41.000   2.000 2    86.070     1.350
 42.000   2.000 3    81.940     0.690
 43.000   2.000 4    64.873     0.410
 44.000   2.000 5    86.045     1.130
 43.000   4.000 2    77.545     2.220
 45.000   4.000 3   158.162     4.010
 47.000   4.000 4   215.306     0.770
 49.000   4.000 5   273.700     4.740
 48.000   6.000 3   266.822     4.900
 51.000   6.000 4   329.154     5.660
 54.000   6.000 5   269.651    10.250
 55.000   8.000 4   343.113     7.910
 59.000   8.000 5   492.046     0.930
 59.000  10.000 4   503.023    -3.350
 64.000  10.000 5   524.436    -4.050
 63.000  12.000 4   517.276     4.480
 69.000  12.000 5   536.285     9.740
 74.000  14.000 5   670.222     0.660
 79.000  16.000 5  1043.647     2.120
 84.000  18.000 5  1271.421     5.000
 89.000  20.000 5  1824.034    14.960
 94.000  22.000 5   874.870   -17.220
104.000  26.000 5  1041.210    33.390
109.000  28.000 5  1069.949    12.850
114.000  30.000 5   600.906   101.020
119.000  32.000 5   824.193   103.590
 38.000   2.000 1    60.472   -11.340
 39.000   2.000 2    77.034     3.360
 40.000   2.000 3   112.675     3.070
 41.000   2.000 4    97.544     0.400
 42.000   2.000 5    75.698    -0.520
 41.000   4.000 2    92.196     1.800
 43.000   4.000 3   131.895     3.480
 45.000   4.000 4   203.216     0.390
 47.000   4.000 5   268.253     0.290
 46.000   6.000 3   271.278     0.940
 49.000   6.000 4   361.129     1.300
 52.000   6.000 5   308.768    -2.440
 53.000   8.000 4   328.784    -6.490
 57.000   8.000 5   476.798    -0.090
 57.000  10.000 4   485.851    18.330
 62.000  10.000 5   532.874     1.630
 61.000  12.000 4   517.398     0.660
 67.000  12.000 5   519.509    -5.300
 72.000  14.000 5   649.791    -1.240
 77.000  16.000 5  1001.899    14.750
 82.000  18.000 5  1382.276    -0.400
 87.000  20.000 5  1153.796    -3.960
 92.000  22.000 5   914.987   -17.070
 97.000  24.000 5   875.995    13.120
102.000  26.000 5  1053.543    63.190
107.000  28.000 5  1000.880   -46.510
117.000  32.000 5   843.088   -13.750
 36.000   2.000 1    41.787     1.400
 37.000   2.000 2    71.001     1.020
 38.000   2.000 3    85.061     0.310
 39.000   2.000 4   123.732    -0.580
 40.000   2.000 5   104.906     4.410
 39.000   4.000 2   134.675     0.090
 41.000   4.000 3   110.682     0.180
 43.000   4.000 4   218.685     1.090
 45.000   4.000 5   282.319     2.480
 44.000   6.000 3   269.812     4.600
 47.000   6.000 4   368.853    -1.040
 50.000   6.000 5   368.080    -3.750
 51.000   8.000 4   329.023     6.800
 55.000   8.000 5   463.999     4.940
 55.000  10.000 4   454.938     5.270
 60.000  10.000 5   533.197    12.090
 59.000  12.000 4   527.929    -5.960
 65.000  12.000 5   503.834    -4.510
 70.000  14.000 5   659.092     0.630
 75.000  16.000 5   980.429     6.340
 80.000  18.000 5  1449.905    -9.280
 85.000  20.000 5  1235.775   -24.240
 90.000  22.000 5   956.875    56.200
 95.000  24.000 5   888.124    41.590
100.000  26.000 5  1032.342    18.160
105.000  28.000 5   946.479    31.500
110.000  30.000 5   966.781    30.380
115.000  32.000 5   862.785   -28.190
120.000  34.000 5   737.239  -126.330
 34.000   2.000 1    35.364     0.730
 35.000   2.000 2    58.814     0.980
 36.000   2.000 3    96.290    -0.160
 37.000   2.000 4   121.133     2.040
 38.000   2.000 5   176.080     6.890
 37.000   4.000 2   149.671     3.830
 39.000   4.000 3   137.117     1.770
 41.000   4.000 4   198.605     2.570
 43.000   4.000 5   284.295     0.950
 42.000   6.000 3   265.307     1.020
 45.000   6.000 4   361.011     0.730
 48.000   6.000 5   412.102    -1.600
 49.000   8.000 4   353.322    -1.260
 53.000   8.000 5   404.808    -5.140
 53.000  10.000 4   415.723   -13.920
 58.000  10.000 5   525.703    -5.940
 57.000  12.000 4   538.891     2.520
 63.000  12.000 5   529.033     1.870
 68.000  14.000 5   669.972     5.090
 73.000  16.000 5   963.307    16.830
 78.000  18.000 5  1370.104    15.240
 83.000  20.000 5  1276.151    -1.260
 88.000  22.000 5   990.112     3.270
 93.000  24.000 5   802.480    61.660
 98.000  26.000 5  1200.802   -19.830
103.000  28.000 5  1042.555    27.850
108.000  30.000 5   802.923    -7.250
113.000  32.000 5   825.460   -20.740
 32.000   2.000 1    30.597    -2.970
 33.000   2.000 2    47.778     0.710
 34.000   2.000 3    73.767    -0.860
 35.000   2.000 4   114.570     1.130
 36.000   2.000 5   141.307     2.970
 35.000   4.000 2   131.510     0.600
 37.000   4.000 3   184.092     2.120
 39.000   4.000 4   137.011    -3.460
 41.000   4.000 5   250.588    -1.660
 40.000   6.000 3   211.135     0.590
 43.000   6.000 4   307.799     5.060
 46.000   6.000 5   380.783    -0.090
 47.000   8.000 4   357.861    -1.030
 51.000   8.000 5   339.383     0.200
 51.000  10.000 4   373.338    -0.900
 56.000  10.000 5   513.254    -7.490
 55.000  12.000 4   516.335    -7.560
 61.000  12.000 5   549.126    13.870
 66.000  14.000 5   639.289    -0.710
 71.000  16.000 5   852.778     1.390
 76.000  18.000 5  1242.148     2.070
 81.000  20.000 5  1312.120    23.980
 86.000  22.000 5   916.221     5.730
 91.000  24.000 5   711.341    48.970
 96.000  26.000 5 96248.367    23.250
101.000  28.000 5   928.135    15.420
106.000  30.000 5   956.529    57.050
 30.000   2.000 1    31.009    -4.540
 31.000   2.000 2    44.834     5.010
 32.000   2.000 3    64.423     0.350
 33.000   2.000 4    91.395     3.210
 34.000   2.000 5   132.517     0.610
 33.000   4.000 2   114.996     1.800
 35.000   4.000 3   185.483    -3.670
 37.000   4.000 4   144.362     0.500
 39.000   4.000 5   193.463     3.040
 38.000   6.000 3   166.422     2.320
 41.000   6.000 4   274.985     1.940
 44.000   6.000 5   348.459    -0.870
 45.000   8.000 4   388.437     5.360
 49.000   8.000 5   319.517     1.700
 49.000  10.000 4   354.353    -3.540
 54.000  10.000 5   510.615     1.030
 53.000  12.000 4   489.924     1.560
 59.000  12.000 5   555.444    -4.870
 64.000  14.000 5   591.926    13.730
 69.000  16.000 5   762.600     9.400
 74.000  18.000 5  1148.619    18.230
 79.000  20.000 5  1253.839     1.140
 84.000  22.000 5  1050.157    -5.930
 89.000  24.000 5   822.114   -37.670
 99.000  28.000 5   958.763   -76.640
 28.000   2.000 1    21.111    -0.550
 29.000   2.000 2    52.758     1.880
 30.000   2.000 3    66.661    -0.630
 31.000   2.000 4    86.470     0.980
 32.000   2.000 5   112.885     1.810
 31.000   4.000 2   106.041     5.250
 33.000   4.000 3   174.928    -3.950
 35.000   4.000 4   208.120     9.450
 37.000   4.000 5   142.479    -0.060
 36.000   6.000 3   171.833    -0.120
 39.000   6.000 4   286.600    -1.180
 42.000   6.000 5   362.186    -4.810
 43.000   8.000 4   429.317    -2.900
 47.000   8.000 5   356.093     8.140
 47.000  10.000 4   372.019    -1.170
 52.000  10.000 5   495.790     3.550
 51.000  12.000 4   475.588   -15.500
 57.000  12.000 5   551.691   -14.610
 62.000  14.000 5   578.173    13.370
 67.000  16.000 5   723.924     3.620
 72.000  18.000 5  1030.757     6.560
 77.000  20.000 5  1324.562   -15.460
 82.000  22.000 5  4197.364   -12.890
 87.000  24.000 5   825.819   -18.810
 92.000  26.000 5   949.904   -48.650
 26.000   2.000 1    20.021    14.190
 27.000   2.000 2    37.350     2.660
 28.000   2.000 3    82.914     0.910
 29.000   2.000 4    94.086    -1.310
 30.000   2.000 5   112.200     3.150
 29.000   4.000 2   123.247     3.580
 31.000   4.000 3   189.695     0.500
 33.000   4.000 4   256.260    -1.450
 35.000   4.000 5   184.570    -4.820
 34.000   6.000 3   250.366    -1.450
 37.000   6.000 4   286.654    -0.620
 40.000   6.000 5   397.198     0.270
 41.000   8.000 4   449.274     3.320
 45.000   8.000 5   414.466     1.250
 45.000  10.000 4   398.344    -2.400
 50.000  10.000 5   479.337    13.800
 49.000  12.000 4   446.395   -26.320
 55.000  12.000 5   567.192     8.260
 60.000  14.000 5   566.849     4.560
 65.000  16.000 5   695.244    -0.090
 70.000  18.000 5  1015.498    -4.640
 75.000  20.000 5  1329.246    29.350
 80.000  22.000 5  1134.935    10.330
 85.000  24.000 5   894.885    44.300
 24.000   2.000 1    23.093     8.990
 25.000   2.000 2    38.878     1.280
 26.000   2.000 3    73.289     3.060
 27.000   2.000 4   143.460     1.940
 28.000   2.000 5   152.860    -0.440
 27.000   4.000 2   168.569     2.120
 29.000   4.000 3   212.591     3.120
 31.000   4.000 4   303.746     1.660
 33.000   4.000 5   325.534    -1.480
 32.000   6.000 3   312.058     1.370
 35.000   6.000 4   254.460    -1.140
 38.000   6.000 5   407.110    -0.050
 39.000   8.000 4   425.442     3.080
 43.000   8.000 5   470.797     1.140
 43.000  10.000 4   435.685     2.500
 48.000  10.000 5   456.266    10.900
 47.000  12.000 4   412.846   -18.750
 53.000  12.000 5   556.465   -13.830
 58.000  14.000 5   557.585     4.720
 63.000  16.000 5   676.518     1.840
 68.000  18.000 5   955.955    13.740
 73.000  20.000 5  1340.343    24.940
 78.000  22.000 5  1180.233   -26.940
 22.000   2.000 1    42.513     3.120
 23.000   2.000 2    42.565     1.400
 24.000   2.000 3    66.152     2.190
 25.000   2.000 4   114.898     1.520
 26.000   2.000 5   203.841     0.360
 25.000   4.000 2   148.797     0.850
 27.000   4.000 3   208.872    -0.290
 29.000   4.000 4   284.091     0.370
 31.000   4.000 5   349.385    -3.700
 30.000   6.000 3   313.872     0.770
 33.000   6.000 4   220.063    -2.730
 36.000   6.000 5   355.354    -5.010
 37.000   8.000 4   373.396     5.590
 41.000   8.000 5   463.033     1.170
 41.000  10.000 4   427.549    -6.230
 46.000  10.000 5   394.363    10.100
 45.000  12.000 4   349.548    -1.940
 51.000  12.000 5   496.915    16.600
 56.000  14.000 5   522.783     2.670
 61.000  16.000 5   616.572    -5.430
 66.000  18.000 5   874.467    13.480
 71.000  20.000 5  1211.180     5.890
 20.000   2.000 1    45.686    -2.940
 21.000   2.000 2    56.498    -0.070
 22.000   2.000 3    51.908     0.160
 23.000   2.000 4    74.273     4.620
 24.000   2.000 5   120.337    -5.330
 23.000   4.000 2    89.452     1.500
 25.000   4.000 3   188.070     2.520
 27.000   4.000 4   207.722     0.840
 29.000   4.000 5   273.761    -2.690
 28.000   6.000 3   246.854     5.570
 31.000   6.000 4   236.695     8.510
 34.000   6.000 5   259.078    -4.900
 35.000   8.000 4   310.095     1.070
 39.000   8.000 5   404.449     1.160
 39.000  10.000 4   371.898     6.630
 44.000  10.000 5   316.587    30.760
 43.000  12.000 4   331.086    15.780
 49.000  12.000 5   447.522    -1.270
 54.000  14.000 5   496.376    -2.070
 59.000  16.000 5   575.468   -12.340
 64.000  18.000 5   747.058   -17.600
 18.000   2.000 1    32.574    -2.190
 19.000   2.000 2    56.092     3.560
 20.000   2.000 3    54.221     0.330
 21.000   2.000 4    51.763    -0.230
 22.000   2.000 5    71.415     9.240
 21.000   4.000 2    63.519     0.260
 23.000   4.000 3   144.897     0.830
 25.000   4.000 4   178.012    -2.430
 27.000   4.000 5   224.798    -7.150
 26.000   6.000 3   210.897     2.870
 29.000   6.000 4   248.608   -10.060
 32.000   6.000 5   190.847     0.680
 33.000   8.000 4   240.725     2.710
 37.000   8.000 5   337.874    -1.250
 37.000  10.000 4   350.232    -1.970
 42.000  10.000 5   300.727   -15.690
 41.000  12.000 4   327.503   -17.600
 47.000  12.000 5   432.329     3.810
 52.000  14.000 5   494.372    -0.240
 57.000  16.000 5   528.780    -4.730
 16.000   2.000 1    22.621     0.680
 17.000   2.000 2    49.603     0.010
 18.000   2.000 3    72.038     2.480
 19.000   2.000 4    63.460    -0.670
 20.000   2.000 5    62.440     2.010
 19.000   4.000 2    67.173     4.430
 21.000   4.000 3   108.252    -0.270
 23.000   4.000 4   197.696     7.620
 25.000   4.000 5   206.117     5.210
 24.000   6.000 3   188.469     1.100
 27.000   6.000 4   261.755    -3.920
 30.000   6.000 5   169.463    -2.690
 31.000   8.000 4   206.063    -1.430
 35.000   8.000 5   322.689     6.050
 35.000  10.000 4   352.076     5.610
 40.000  10.000 5   329.432     2.540
 39.000  12.000 4   364.739    -1.510
 45.000  12.000 5   455.945   -11.840
 50.000  14.000 5   513.076   -12.300
 14.000   2.000 1    23.158    -5.910
 15.000   2.000 2    35.868     0.920
 16.000   2.000 3    69.100     0.770
 17.000   2.000 4    90.911    -1.520
 18.000   2.000 5    74.786     7.970
 17.000   4.000 2    81.545    -0.730
 19.000   4.000 3    78.655     3.350
 21.000   4.000 4   159.588    -2.330
 23.000   4.000 5   181.142    -0.010
 22.000   6.000 3   202.262     5.920
 25.000   6.000 4   245.593    -6.150
 28.000   6.000 5   224.129    14.570
 29.000   8.000 4   212.361     8.980
 33.000   8.000 5   325.085     0.490
 33.000  10.000 4   364.973     1.810
 38.000  10.000 5   372.420    -4.180
 37.000  12.000 4   406.526    -5.360
 43.000  12.000 5   458.645   -22.540
 12.000   2.000 1    21.971    -2.820
 13.000   2.000 2    26.649     6.560
 14.000   2.000 3    37.944     2.250
 15.000   2.000 4    67.450     0.720
 16.000   2.000 5    82.658    -0.300
 15.000   4.000 2    87.292     0.660
 17.000   4.000 3    78.464     0.170
 19.000   4.000 4   121.183     7.790
 21.000   4.000 5   204.314     2.200
 20.000   6.000 3   205.416     2.530
 23.000   6.000 4   250.900     2.970
 26.000   6.000 5   295.151    -0.500
 27.000   8.000 4   273.910   -11.620
 31.000   8.000 5   347.205    -8.620
 31.000  10.000 4   373.368    -1.960
 36.000  10.000 5   433.604     0.900
 10.000   2.000 1    24.727   -12.810
 11.000   2.000 2    35.980     5.230
 12.000   2.000 3    41.057    -0.140
 13.000   2.000 4    59.908     1.360
 14.000   2.000 5   103.106    -4.820
 13.000   4.000 2    87.908     1.090
 15.000   4.000 3   129.898     3.270
 17.000   4.000 4   123.976     1.900
 19.000   4.000 5   243.410    -7.340
 18.000   6.000 3   235.380     6.020
 21.000   6.000 4   309.244     1.820
 24.000   6.000 5   407.280    -2.230
 25.000   8.000 4   357.020     4.090
 29.000   8.000 5   362.558   -10.220
  8.000   2.000 1    31.094     0.530
  9.000   2.000 2    39.186     1.180
 10.000   2.000 3    50.850     2.640
 11.000   2.000 4    56.902    -0.300
 12.000   2.000 5    86.850     7.840
 11.000   4.000 2    83.793    -2.520
 13.000   4.000 3   190.215    -2.020
 15.000   4.000 4   156.959    -0.610
 17.000   4.000 5   234.248    -0.520
 16.000   6.000 3   206.935     0.950
 19.000   6.000 4   368.652     4.260
 22.000   6.000 5   424.329    13.450
  6.000   2.000 1    62.298     7.820
  7.000   2.000 2    55.521     3.040
  8.000   2.000 3    67.620     4.350
  9.000   2.000 4    82.939    -0.010
 10.000   2.000 5    93.197    -3.850
  9.000   4.000 2    93.446     1.500
 11.000   4.000 3   177.371    -2.580
 13.000   4.000 4   229.303    -0.090
 15.000   4.000 5   207.215    -0.030
  4.000   2.000 1    74.837    -1.540
  5.000   2.000 2   115.038     1.220
  6.000   2.000 3    80.799     1.820
  7.000   2.000 4    94.840    -2.330
  8.000   2.000 5   105.601     4.660
2
34
0	519.0
2	519.0
4	519.0
6	519.0
8	519.0
10	519.0
12	519.0
14	519.0
16	519.0
18	519.0
20	519.0
22	519.0
24	519.0
26	519.0
28	519.0
30	519.0
32	519.0
34	519.0
36	519.0
38	519.0
40	519.0
42	519.0
44	519.0
46	519.0
48	519.0
50	519.0
52	519.0
54	519.0
56	519.0
58	519.0
60	519.0
62	519.0
64	519.0
66	519.0
1
0
0
0
0
0
